8.2877     6.8118
7.038     6.8066
6.9472     8.6808
6.3379     6.6392
8.4654     8.7361
7.3551     7.4023
6.0982     7.0406
7.297     8.9506
7.1143     8.951
7.9199     9.8554
6.7119     6.2214
7.5569     5.4033
6.4766     5.1172
8.2826     8.8436
7.7091     7.4154
6.8923     4.5901
8.2906     6.952
8.1816     7.4912
7.2018     4.8876
6.4896     8.2351
7.0058     6.5685
6.6012     5.6283
6.1965     8.396
6.6182     9.6339
7.3939     3.8319
7.0369     6.5729
6.8285     7.7037
6.2693     8.5032
7.2902     8.8285
6.8278     7.325
8.0438     5.3283
7.8273     4.892
6.3983     6.4875
7.0663     8.2532
6.8457     5.5227
7.0061     5.6339
8.1659     6.2135
6.222     6.3348
7.1563     7.3594
7.9328     6.3396
6.1701     7.6594
6.8976     6.4331
6.9409     6.5328
6.8659     8.9493
8.9067     7.7439
7.0863     6.7675
6.9624     7.9285
7.0194     5.1315
5.8722     7.3877
7.3107     7.2679
5.9569     6.9938
5.1989     6.5703
7.1373     7.1177
7.9799     5.4948
6.7088     10.0287
6.8578     7.192
7.0355     7.0231
7.1033     7.7345
4.9126     6.4609
7.4254     5.585
5.6657     7.7801
6.8685     4.7025
7.1348     6.0823
6.4456     7.1249
7.4733     5.3604
7.714     5.7217
7.0183     6.3548
7.8005     7.7644
6.7304     8.7623
7.088     5.5985
6.8538     8.3691
7.773     6.8133
7.1557     7.5771
5.8089     7.4316
8.6329     7.6309
7.662     6.0989
7.597     6.3916
6.5663     8.1198
5.4952     6.6588
6.016     8.5242
6.173     6.9164
6.4501     5.6773
6.5388     6.3796
7.5722     5.1669
6.408     9.2395
8.5669     3.4196
6.9302     6.9011
7.2181     7.6543
6.9517     7.3607
6.7473     7.1666
6.5778     8.6709
7.323     7.2857
6.7406     6.7228
7.6987     6.0345
6.5573     8.0826
8.2424     8.0417
6.151     6.7547
6.477     3.9221
7.2586     2.2406
6.5041     7.9212
7.3193     4.4926
7.3778     8.7186
7.1127     4.5639
5.3846     7.5128
7.0092     5.899
6.4491     7.7187
7.8755     7.2055
6.7031     6.8811
5.9616     9.19
6.6938     6.8196
5.4624     6.5728
6.6321     7.0386
6.8714     5.6654
7.1205     7.7679
6.5324     8.3557
6.3513     7.5264
7.6172     6.2671
9.3671     7.3703
5.972     8.2761
6.9941     9.0852
7.2645     8.3629
6.8934     7.7259
6.0115     8.6967
6.7585     7.6426
7.0815     8.8973
5.6928     9.8622
6.2403     6.6665
6.5291     4.23
8.0154     5.6507
8.2863     7.8471
7.6341     5.7538
8.0737     6.3101
7.0441     6.7771
7.5173     5.082
7.0097     7.5119
6.3555     5.7509
6.7061     7.6967
6.9187     6.5947
7.8257     7.6896
7.4575     5.7016
8.2099     7.3031
6.6689     8.3411
6.7635     5.8584
6.4465     3.3996
8.7843     4.8567
6.6124     6.9764
6.7691     7.5651
6.0788     8.5373
8.9582     7.6116
6.5007     5.0969
7.0573     7.3762
7.1662     8.5447
7.3043     6.8103
8.4423     7.301
6.751     6.0688
5.7327     8.4995
8.1467     6.0299
6.3968     6.19
6.308     4.8755
7.3241     5.2124
5.5547     7.4934
7.0868     5.8148
6.025     4.3548
6.9442     8.2921
6.9833     7.7485
6.9937     8.5318
6.495     5.8252
7.0383     7.1715
7.3706     8.8682
7.4798     6.8511
6.6677     7.9234
7.5416     3.5263
7.6615     5.58
7.3348     7.3334
6.3386     6.6405
8.0372     6.7537
7.2888     7.8306
5.7557     6.8062
8.2207     6.2515
7.0524     8.3668
6.8082     7.9657
6.7841     7.7004
6.4991     4.5638
6.8686     4.2386
6.6041     7.6396
6.8954     7.3203
6.7324     5.6206
7.2166     5.3397
7.0182     6.7633
7.085     5.9954
6.9386     6.5576
6.8956     6.0939
7.541     5.5717
6.5387     8.4318
7.0626     9.0863
7.2312     7.0496
7.5989     6.3653
6.1916     10.4536
7.1016     10.2671
8.2609     8.9938
5.8365     7.2517
7.151     6.4097
7.8969     7.255
8.333     3.1161
6.4044     4.3651
6.8646     5.7929
6.2929     6.1001
7.1098     7.4851
6.4859     9.4948
7.689     7.8421
7.1962     9.9172
6.337     8.7345
6.5502     6.6863
7.4011     7.0137
6.2912     7.6547
6.9387     2.8406
6.4655     5.9426
6.9275     8.7318
5.8539     8.148
6.4446     6.6692
6.8804     7.8067
7.3733     5.8735
7.1633     9.6639
8.355     5.5237
7.0721     7.4844
7.5006     3.9099
7.2305     2.9554
6.809     5.5073
6.9397     4.8993
7.0379     6.9092
7.1157     5.7661
7.1142     6.7612
6.9923     5.9296
7.0337     6.6168
6.9665     5.7367
4.3254     4.6823
6.494     9.587
7.8033     7.8134
6.7462     5.1623
6.3845     7.637
7.2926     8.7392
6.8747     7.856
6.2658     5.6309
6.2675     6.925
6.8762     7.5495
6.9738     9.7122
6.9202     6.38
8.8426     5.0015
7.4573     8.9801
6.2382     6.4754
6.6163     6.1896
7.1883     5.3008
7.2647     8.7051
6.5964     5.9078
7.2328     5.1726
6.3785     9.4618
6.6071     9.8994
6.669     7.7052
8.1669     4.4545
7.4697     7.4571
7.0946     7.0926
6.7129     7.1311
8.4225     9.936
6.2545     6.6401
7.2749     5.5911
6.9852     8.186
6.3463     8.4293
8.099     8.7451
6.8114     5.6766
6.2292     7.1678
6.1223     4.572
7.0298     5.3635
6.9694     9.094
6.0639     5.9719
6.3565     6.8876
6.9886     6.596
6.6108     5.9529
8.0259     6.2206
5.8384     6.702
7.1713     8.6185
7.1271     9.4109
7.5079     3.3908
6.3396     6.1534
7.0065     6.9536
7.1089     5.924
7.0587     9.0081
8.0845     6.242
7.1301     4.8992
7.0734     6.5314
6.4817     4.6089
4.3913     7.1996
6.4526     9.1705
6.2604     6.319
6.8738     6.0663
6.8074     6.2826
7.1031     9.5681
7.1001     6.5389
7.4265     6.658
7.4235     7.5306
9.5649     7.5814
5.7076     7.9667
7.7542     9.3468
6.716     5.1023
7.1786     5.4052
6.7672     7.7358
6.6627     6.9995
7.2467     8.2533
8.1136     7.0603
7.0694     5.7153
6.6587     5.3036
7.5394     7.3429
6.9935     7.1266
6.8588     7.0307
6.7007     6.081
7.2404     6.3322
6.6926     6.4789
6.6133     8.1738
6.9305     6.1924
6.4313     8.1384
4.8635     7.8955
6.2419     7.0707
5.9082     7.7115
7.1402     7.3455
6.6001     6.0402
6.8597     5.6356
6.9893     3.4754
6.6475     4.6226
7.1102     4.5462
6.7108     7.5973
5.9682     5.4959
7.9529     5.0839
7.0737     6.6929
7.2292     8.7719
6.5687     6.9688
6.1314     5.8386
6.8434     5.5709
7.8375     5.2694
6.0068     8.999
7.7556     8.1242
7.7323     10.1544
7.3571     6.6937
6.1776     10.1961
7.0006     9.4047
5.9788     6.9816
6.3145     7.3742
7.0172     8.3216
6.9811     5.5186
7.2702     6.546
7.4101     8.1606
7.1314     6.0764
6.9796     7.2196
7.824     6.0855
6.3612     5.2285
6.5537     6.6072
7.3174     8.798
6.9746     5.7695
6.6427     8.3129
7.4454     10.4882
6.2792     5.24
6.3564     8.5057
6.533     7.0298
6.6911     7.6703
7.2595     8.3816
6.6934     9.3341
7.2809     6.8879
6.2625     7.3769
6.1263     5.8612
6.9837     5.6339
7.2039     6.7447
6.9924     5.5275
8.371     7.8087
6.8931     3.6268
7.2164     8.7815
7.2841     6.3066
7.2277     9.0026
6.8122     3.845
6.4326     8.7141
7.8794     8.3244
7.2949     7.7823
7.4215     8.6657
6.9319     5.2776
7.9702     5.2564
6.9294     7.9686
7.5716     8.059
7.2717     6.0336
7.3688     6.782
6.896     7.9582
6.2881     6.5637
6.1828     8.554
6.1591     7.3881
6.6937     3.7822
7.2105     5.8594
5.4004     6.1458
7.2354     6.416
7.8259     6.6634
7.9072     6.9347
7.0871     3.6802
7.2897     4.8253
6.6694     8.5798
7.383     7.4164
7.4166     4.5309
6.79     7
6.7684     7.0639
6.7563     5.4388
7.2841     6.8425
8.0667     4.3659
7.7543     6.4215
7.3823     5.8008
5.7706     7.9594
6.4373     6.6501
6.6978     9.3124
7.2001     8.0087
6.8975     6.0943
6.7145     8.1375
8.1069     5.4956
6.7545     6.8946
7.1626     6.1112
7.2402     6.2608
7.5748     5.5643
5.9788     7.7013
7.553     4.4048
7.3478     6.6899
7.8754     6.7405
6.2637     5.871
7.2542     5.0149
7.9747     7.2268
8.2539     8.4367
7.0306     6.0307
7.3342     6.1135
6.6033     6.4807
8.3917     7.4322
7.9942     6.048
6.5495     7.6278
6.5591     6.1395
6.9546     8.3853
6.1995     5.6724
7.4208     5.8093
6.4731     8.3178
7.0237     7.4615
6.6058     6.4788
7.1153     6.7402
6.7222     7.5018
7.1527     3.9229
7.2876     8.2361
7.8874     5.327
7.2019     7.6072
6.7876     7.7673
7.3305     6.2742
7.0109     8.2179
7.4306     9.0755
6.8732     8.9411
7.8942     5.148
7.6725     5.2923
7.2764     3.9152
6.3752     7.7799
7.5518     7.9474
6.9428     8.1129
7.9941     6.4935
8.036     2.9032
6.7852     4.8845
7.2334     8.5974
7.8569     7.0892
8.5768     4.7057
7.1701     7.1398
7.1717     5.9257
7.0947     6.2768
5.9441     8.103
9.2285     4.3839
6.7458     5.3575
6.8898     6.9129
7.7059     6.0966
5.9999     7.2214
8.0353     3.4618
7.1652     5.6659
8.0393     5.9859
7.019     6.506
6.5374     5.2939
6.3809     8.8367
6.7155     2.4145
7.0449     7.3774
7.2156     7.3223
7.2187     6.223
7.0336     4.8653
8.7852     4.1449
6.3364     9.27
7.0009     1.699
8.1564     6.27
7.1797     7.1085
7.3246     9.054
8.3004     8.2125
7.0496     3.8665
7.3078     6.6637
7.8271     7.1966
6.3109     5.1836
6.9316     7.259
7.0277     5.407
7.1013     4.9016
7.3522     7.7938
8.011     5.771
7.8031     8.1776