6,7569 4,4438
6,6100 7,1565
4,6864 4,4391
6,5975 6,2748
3,4800 2,3205
2,5586 4,8916
6,1143 10,3247
4,6067 1,9256
4,7582 5,1258
3,5120 4,9534
6,2871 5,4487
6,0636 6,6841
4,7476 3,9152
7,2306 9,6584
2,0075 1,6282
7,4046 8,0196
3,9187 5,9793
4,6656 8,1074
6,8187 7,1916
4,5058 4,7799
2,6506 2,9170
4,4808 6,0713
4,5867 3,5217
6,5649 9,1867
2,6254 0,8623
3,6459 3,2724
4,3300 7,3514
2,8132 3,5125
5,4716 5,2428
0,3421 0,0898
2,3550 1,3072
3,3044 1,5539
2,3597 4,1765
4,0054 7,3988
6,9729 6,6370
7,9867 13,0932
5,4468 4,6145
1,0228 3,5678
5,7251 3,7789
6,0889 10,1405
6,1797 5,2374
4,8795 7,6856
4,2966 7,3052
1,0686 -0,8674
2,6740 7,2866
3,3335 2,4789
6,4809 6,6336
6,8042 6,9162
6,4909 8,4014
3,8084 5,0925
6,0670 9,2142
3,9558 4,5702
4,7351 5,7741
3,2808 2,1362
3,8400 -0,0606
4,5031 4,6665
3,4127 2,7058
4,1619 3,2615
3,2150 3,4299
6,2458 2,7476
9,5087 12,4987
8,7913 12,6384
-0,0197 -1,3498
2,8700 -0,3572
3,0126 4,8348
6,9155 7,2092
5,6985 4,0071
6,8360 6,9211
3,8344 2,7609
3,7059 3,7932
6,3443 9,8810
8,6401 9,7596
6,7103 5,9617
7,5962 9,6691
4,0654 6,6055
0,9734 4,0774
7,6388 7,6369
9,2320 10,7411
3,4643 5,0813
4,8638 5,6347
4,2478 2,2552
2,5996 5,3280
7,3153 5,8372
3,2916 -1,9843
4,6791 7,2394
6,0581 7,9935
8,9850 8,5750
4,4306 3,1361
8,8040 9,1287
7,3701 9,4249
3,7154 3,7756
1,4939 1,0765
4,2860 6,7456
1,6150 0,3927
4,2491 4,1578
9,5826 10,8365
6,1211 7,3277
7,6584 9,7144
5,9142 3,0088
5,1124 7,5122
1,2669 3,6227
2,9441 1,3666
4,5375 3,5194
5,2410 6,5207
4,8015 4,5484
5,6381 8,6307
5,0918 6,3053
4,1025 7,5858
5,4936 5,1846
2,5101 2,2382
7,1239 7,3735
6,4587 6,9114
7,2056 5,4483
5,6668 10,7665
3,9850 1,4978
3,8588 8,3896
8,2019 8,9665
4,3783 4,8806
-0,1596 -0,1041
3,4345 4,2097
3,8378 8,1326
2,6889 7,0603
5,6183 9,2997
6,7785 5,5595
5,6721 8,3993
3,6856 3,4020
6,0304 6,7936
6,4972 9,5026
6,0641 3,6013
4,2005 7,1137
1,7046 2,3852
4,2674 7,0429
6,8711 10,7452
3,8836 0,6680
3,6064 2,0167
1,8042 -0,0971
6,0878 7,1796
0,3147 -2,1659
2,5754 7,0739
6,8329 8,1901
3,6001 1,5454
6,1718 5,0693
4,2892 8,6509
7,1864 11,6675
4,4121 2,3547
6,3569 8,2416
3,3801 5,5256
0,1484 1,1012
2,2293 0,0177
7,9976 4,2019
2,5913 1,6502
5,5809 2,7331
3,8381 5,5282
5,2737 5,7688
5,2522 5,5579
1,8915 3,0960
8,8506 11,3069
7,2891 8,9835
7,0547 8,8605
6,5683 6,7280
4,1374 3,0748
3,2734 1,0494
2,4325 1,5807
7,4891 7,6660
7,5195 9,8424
5,0119 4,1598
2,7163 0,3767
4,1606 4,2214
6,7402 6,1121
5,8890 6,6628
5,0418 10,4812
5,6886 7,0701
2,7948 1,7331
3,4825 1,8152
5,8962 3,5180
3,1140 1,6143
3,5771 5,4018
5,7998 8,7850
1,7805 2,5072
1,9179 1,5025
3,3719 3,9180
4,1064 2,9195
3,9736 5,8089
5,2821 6,8901
4,2905 4,9771
7,7448 10,9831
5,3860 6,3209
1,4424 5,0668
6,7165 8,8111
4,6115 7,0529
7,2325 6,2829
5,2950 8,0520
1,8075 0,9124
6,4126 10,7379
4,5910 3,5195
8,3117 9,1698
6,2060 8,0920
7,3445 5,8741
3,2009 4,6767
4,9751 8,0213
3,8242 8,6762
4,8913 5,1562
4,2868 8,0407
2,9455 5,8819
6,8551 6,9659
3,7286 4,0494
9,0595 10,8913
4,2851 4,1420
-0,2491 2,0826
6,4908 7,8931
5,2912 9,8934
4,4448 7,8807
7,9213 9,6293
6,4825 2,0781
6,8497 4,4756
3,7614 4,1911
3,0291 4,2316
3,2919 1,9354
4,9048 3,5288
3,6681 5,1985
6,6688 4,0064
5,9070 7,2699
2,0229 3,3731
7,4180 5,9066
5,3611 7,2300
5,4885 4,4726
7,0736 8,4546
5,5033 6,4490
1,7286 1,8699
6,3756 6,9449
6,6056 8,5589
7,3416 7,2136
7,3732 8,6471
5,2262 5,5222
5,3751 5,0108
-0,3026 0,2246
2,4598 3,2842
6,2491 7,3238
6,1324 9,6104
4,1656 1,7632
5,0471 6,0584
6,5413 6,5560
5,9878 9,8685
3,2325 2,7861
2,4575 5,8259
6,1848 8,7489
3,0878 5,8231
3,4870 6,1314
5,3678 5,8677
5,7174 6,9389
3,9143 4,4410
4,8088 5,9484
7,2896 7,4536
5,7854 4,8105
0,4126 2,6221
6,7213 7,5548
6,9459 6,8013
5,0367 8,0548
4,9309 8,3098
2,9942 0,7908
7,0889 10,0627
6,1175 3,9652
5,3286 5,3522
2,3198 4,4608
5,6888 3,6947
3,5790 3,3407
3,9843 7,2128
2,0812 6,2570
0,7856 4,8749
6,5860 5,8066
5,3358 4,4614
3,7726 2,4672
6,9141 6,6966
5,5415 7,6382
5,8563 6,6197
7,5601 9,8344
6,9724 9,5241
7,5063 5,3062
2,3638 4,3665
2,9475 3,0448
6,2466 8,4100
6,2707 7,2888
3,9201 6,7466
5,8906 7,9357
3,3386 4,1090
5,6565 10,0561
5,0354 6,9577
5,5208 5,4891
1,6339 -0,2267
5,2299 4,0667
5,8783 8,5291
3,2864 -0,3010
4,2993 2,5956
5,4409 4,5727
4,4281 -1,6539
9,0524 9,6851
6,6875 10,0682
3,1304 2,3644
8,4815 10,5984
4,9438 8,1040
7,2121 5,3591
6,8035 7,4227
4,8609 4,5912
5,3406 7,2859
3,9257 5,9352
4,6612 6,1581
8,3931 14,4848
3,4478 5,2176
4,9737 2,8093
3,6228 5,2532
5,4765 7,9100
1,1351 -1,9074
1,3298 1,4226
3,5191 5,6539
0,6174 4,3932
2,8419 2,8374
3,3628 4,5940
2,7018 3,2170
5,6015 7,5596
6,8108 7,0527
5,8153 5,9823
0,7088 2,4169
10,0229 9,9265
5,1611 5,5540
2,0092 3,7848
4,8275 4,3300
4,3835 3,6919
5,7434 8,7647
7,4988 8,3862
3,4579 4,1616
3,2460 0,3750
5,6911 4,3337
3,2604 5,1396
4,8609 5,4801
5,5957 3,7597
7,5148 12,7683
4,9033 6,7435
5,9653 5,0783
3,8038 0,4980
2,3175 5,4301
5,9372 8,9882
9,3380 10,9425
7,8135 6,9109
2,0927 5,5832
2,5662 4,1512
2,5173 1,1928
3,5425 5,1163
4,3541 2,0910
5,2763 10,1783
7,7415 9,2752
5,8038 5,7566
3,5684 4,5135
4,3553 5,5883
4,8564 3,7142
3,9590 5,1722
3,5664 5,0413
6,0420 5,2928
5,9423 9,9637
7,7299 12,5856
4,7000 6,9398
5,9357 8,3064
4,9544 6,6255
7,6124 8,1914
2,8733 7,7126
6,6337 8,9848
5,7750 8,1310
4,6908 7,1903
3,0633 4,1301
3,4121 3,2028
1,5923 4,4577
5,4685 5,9572
6,0918 5,5928
3,6742 3,6778
5,3691 4,4478
5,3543 6,1254
6,4582 6,5416
7,1513 11,7829
5,5693 2,2489
9,1542 7,9508
2,7253 4,0393
3,0895 2,3189
0,8777 1,4118
3,1875 3,4774
7,5599 3,7319
2,8703 3,6290
6,1391 7,7997
5,9592 4,4418
5,6548 5,1049
3,5931 4,9897
6,8295 5,1072
5,5917 5,1538
8,6152 7,3832
3,1179 5,3169
4,2462 5,3468
3,6918 5,2049
7,5191 9,7913
6,1306 6,8157
5,0009 2,5756
5,6222 8,1600
5,2160 4,8048
5,3585 2,4770
4,6864 3,6867
2,7167 2,3128
5,0797 2,8809
4,0796 2,8731
6,1686 2,2534
3,9175 4,1689
6,9436 3,3937
4,5673 10,0507
3,5586 5,7608
5,1940 8,0058
4,5489 0,7797
3,4649 2,8782
6,1207 6,8030
0,1943 -4,4438
2,3621 1,5165
3,0969 1,7183
6,7020 6,8095
4,9314 6,5869
3,8172 2,2255
7,8996 5,3715
6,1409 11,9781
4,2881 5,3193
2,0300 1,5392
5,7062 8,3659
4,6108 4,2119
5,7810 7,7151
1,0399 -1,1339
3,6610 3,4498
4,5831 4,6595
2,4966 4,8692
4,6927 3,6233
7,3597 8,0284
1,5913 0,0447
4,2016 9,0248
3,3835 5,8723
3,6241 1,3591
4,4252 7,1729
2,3184 6,3476
3,6555 5,9975
3,0704 4,8566
6,1546 3,7711
4,6796 4,5050
4,8940 6,0514
2,7544 1,2297
5,0787 3,7385
3,2819 3,4706
4,2672 7,9123
7,6469 10,4320
1,4028 4,1278
3,9500 2,1071
-0,9151 -1,1218
3,5824 7,5526
4,7723 10,6843
3,7794 4,0016
7,1021 9,0834
5,4512 6,1228
5,3334 4,1351
6,3263 9,6222
7,6710 12,6241
8,3069 6,0730
1,7051 5,2592
2,1083 3,9946
5,0831 6,4894
6,1634 6,7637
3,9104 6,8990
8,6051 5,3356
6,2392 4,6937
5,6700 3,8905
6,5551 8,4638
3,3696 3,1812
3,5958 5,7595
6,3983 6,0190
1,7439 5,3193
4,7686 5,8731
6,9811 9,6899
5,3469 4,6625
3,3302 3,6351
1,8000 0,3608
4,8875 9,5960
1,8036 5,8912
8,7504 11,9741
8,6850 10,9231
7,2666 7,0632
7,7119 11,9119
4,3411 6,8431
6,1670 8,2207
5,8730 3,8516
6,6242 7,9781
7,5643 10,2324
4,7235 6,6115
3,1967 3,9638
5,5481 7,2703
3,9235 2,7076
8,6293 11,1493
5,9886 4,1150
7,7425 6,6621
7,1802 9,1430
8,3530 8,2114
3,8294 1,1854