      97.0258      52.6398      66.7880
      91.3182      61.2592      60.4994
      61.1110      48.4482     118.4566
     112.4085      94.3324     103.0877
      87.3888      77.3286      85.0322
     103.0327      52.8122      56.1498
      65.3915      41.0225      60.9940
      80.8585      59.5695      90.8614
      85.3980      59.2614      74.6074
      63.1313      63.3586      97.9721
      95.6279      65.0347      85.8096
      85.7232      52.9191      71.3558
      60.9002      48.2503     109.5475
      77.2832      54.8952      70.9094
      69.5267      51.4533      91.4097
      98.3525      72.0338      68.0703
      99.0647      78.0786      83.5820
      76.7547      56.1580      71.4413
      89.0794      84.1687      98.0369
      74.2147      52.0322      74.8477
      36.8358      35.3798     108.0906
      80.6987      52.7958      41.2474
      52.7890      29.8582      81.5573
      29.8659      13.4709      93.3764
      70.3219      30.4408      88.9330
      72.1889      47.3969     108.0965
      87.0239      74.7101     113.0273
      94.7996      49.3130      51.7562
     112.2993      69.7895      56.5399
      88.4200      60.5015      82.0050
      55.2899      39.9237      94.6485
      86.1614      51.3306      57.6430
     102.8255      68.4138      80.0877
     103.9852      79.1958     103.4998
      65.6604      71.6541     121.1238
      69.7002      62.4582     125.2432
      95.3472      69.5700      99.5121
      95.5694      63.0614      73.2440
     111.1004      65.8039      78.3520
      50.1394      44.8098     103.0206
      77.6678      48.8515      56.5068
      66.2137      24.5614      74.7431
      79.9432      65.3951      67.0151
      68.7878      56.0519     127.0730
      85.1427      65.3857      85.5306
      94.6981      80.5655      69.9925
      57.0915      27.0892      78.3683
     137.0656      76.8015      22.8452
      60.1306      38.9353      93.8919
      90.7885      77.8307      90.8327
     104.2728      60.0773     104.0611
      48.8563      30.7114      88.5054
      83.6608      47.1783      71.9994
     114.9257      76.7366      83.0541
     109.3119      82.2607     110.6765
     121.6380      64.1888       7.8168
      52.1910      47.5238     121.1720
     131.5602      86.0185     102.6437
      49.0470      44.4028     112.6016
     138.4143     105.5036      94.1760
      95.9606      54.5541      25.2537
      86.4423      70.0601     102.6318
      62.8531      68.0511     110.7836
      78.4648      61.8681      74.3065
      81.6603      64.6881      46.2294
      50.0313      28.2594      67.8499
      43.6205      46.7938      94.8973
     105.7872      81.3109      96.2396
      62.6177      49.6539     127.6659
      94.2946      65.6007      56.9448
      94.0955      63.5617      75.6993
      69.2535      33.3412      80.0715
      43.2662      45.4752     133.5448
      89.0126      54.7749      61.0978
     107.0166      98.3689     108.9105
     119.9306      85.7060      59.4184
      69.5992      54.2701      89.8183
      62.6930      57.2215      65.4835
      72.0075      46.7296     110.9745
     103.4558      77.8842      61.7963
      97.1964      78.1864      85.7477
      46.1008      36.0004     114.3813
     106.0963      64.1185      68.7159
      98.6321      89.5598      91.9554
      82.6754      55.3052      84.1858
      97.4658      62.6418      79.4270
     119.6526     100.0941      81.9668
     104.2944      67.6892      71.2385
      88.8937      57.1750      68.2931
      56.4591      37.7166      84.0593
      72.9090      73.9986      98.3390
      59.1467      71.7539     132.7851
     109.6493      67.2910      63.7136
     114.3273      86.6666      90.7587
      81.5173      77.2752     111.6324
      76.6262      51.4832      75.4414
     104.5708      81.8061      73.2111
     128.3543      96.1913      93.1462
      90.6949      61.4377      75.6598
     111.0212      96.7613     100.9041
      70.6946      46.0848      68.0861
      34.6098      17.3677      95.3237
      60.3869      44.8210     101.3758
      98.8742      67.2080      95.9669
     126.2042      59.8692      10.4810
     119.8198      74.9729      80.1332
      82.6013      69.3321     116.9071
      73.6946      54.8018      75.9191
     112.1544      93.6831     118.5129
      56.7350      25.9936     107.2628
      75.6905      61.6254      86.4121
      70.8875      60.2229     119.9049
     104.7557      75.4181     105.1919
     114.8434      86.0552      88.9738
      89.2705      63.2120      95.5479
      92.3273      71.8143      79.9646
      65.8460      39.2752      97.7870
     127.2938      85.3228      69.4589
      88.3847      58.5970     101.4799
      78.5500      50.9935     113.8247
     108.8826      64.1238      66.5760
      79.0924      38.8800      39.6603
      56.9110      53.0050     115.6985
      65.0139      54.8467     101.8189
      50.2008      51.5069     126.3226
     106.8361      73.5299      67.8898
      75.3061      48.5752     111.2291
      15.9211       9.5419      87.2913
      64.5570      49.5468      83.5830
      96.7850      63.8655      74.5818
      71.2640      55.6931     106.6934
      71.2579      60.7604      64.8564
     103.2473      68.7510      53.7062
      62.6910      40.1139      57.5609
     102.0881      72.5184      65.8919
     111.1874      66.6153      79.3490
      81.1106      49.4387      88.8649
      74.0772      55.7631     101.1424
      28.3131      15.9184      78.8714
      69.1816      45.0829     112.2945
     107.3599      40.5209      31.2534
      64.3188      43.6033      73.3535
      57.5304      36.6391     128.1358
     126.1172      81.7792      32.8169
      74.3252      59.0063      99.5079
     171.4258     118.0222      55.4994
      87.3305      79.6967      84.4457
      93.5822      76.8921     113.6175
      93.7894      67.5198      91.1855
     111.5179      61.7986      40.7551
      99.4469      68.2270      75.1527
      73.0514      57.5632      63.9775
     123.9317      71.3686      70.0755
     102.9533      74.3664      69.5303
      80.0679      50.8222      90.8807
      62.0967      40.6693      65.1333
      68.6858      60.8226     103.8410
      48.7492      52.7491      88.7804
      93.1749      56.6520      29.0600
      48.2725      22.8180      77.1276
      87.6978      64.9754      69.0627
      75.4148      51.6868      66.6295
      55.0365      55.2345     109.7345
      80.6087      73.2348     101.3711
      51.4317      53.8653     104.5900
      91.8004      62.3875      76.0610
      86.2418      93.1674      87.6341
     108.3471      58.7905      44.6230
     101.6019      61.8070     106.7994
      61.3990      71.2037     122.0642
      55.0790      52.1445     101.7740
      83.1871      66.4087      58.1275
     106.3778      80.0458      72.2597
      99.0140      63.1502      78.9418
     102.2811      91.0282      71.7445
      77.6794      72.4428     113.5709
      91.7087      80.9171     100.0281
      61.4216      41.9559      93.6725
      96.6679      93.0177     102.3481
      44.7302      48.8938     107.2095
      66.8257      60.0284      98.2468
      94.8211      64.7956      74.9106
      59.0307      49.0220     105.7944
     103.5351      77.1742     112.9346
     108.1832      73.3819      74.6763
      83.9391      62.8421      73.5662
      52.9603      44.0167     101.2607
      33.0878      33.7053     128.3423
      75.9428      62.9766     118.1758
      30.5684      35.2896     123.1274
      70.1006      47.3375     103.0603
      87.9845      47.0134      66.2273
      25.5571      33.7170     120.3324
     116.2834      81.7045      66.9638
      87.6214      51.9888      84.0827
      39.3012      29.4517     128.1908
      74.9671      61.6196      84.4017
     109.2303      74.7040      80.9296
      74.3465      57.9766      72.3073
      82.8419      55.9978      79.4319
      16.4503      15.4373      89.7028
      58.1432      34.4928      92.9141
      81.5034      67.2519      82.3227
      93.9477      65.4323      50.1613
      94.3048      82.4198     129.4093
      87.1834      62.1053      80.0768
      90.5877      61.5980      55.5412
      79.7395      58.6707      81.9415
      69.0285      46.8556      71.3276
     150.8166      99.8190      44.4152
      83.9133      65.0055      98.6984
      92.3160      67.0583      88.6139
      61.4696      42.6141      78.6661
      96.9435      65.0302      92.3403
      75.4789      74.4986     102.4014
      98.2143      62.9993      63.6137
      71.9624      72.0489     114.0649
      61.8042      36.6683      82.5160
      52.0908      13.5873      58.2450
      94.4577      64.8036      92.8953
      86.4269      35.0127      49.4623
      88.2258      69.4344      80.8135
      88.0580      64.0996      52.1924
      92.0219      56.0366      55.0689
      64.9065      52.4065     111.0740
      48.1904      13.8884      38.2442
      89.1084      51.9608      85.4576
      73.3875      46.6349      76.7188
      69.2328      45.9619      89.5129
      84.4670      67.4936      97.3005
     109.3744      70.1482      79.8605
      73.0192      75.7408      92.3618
      66.0457      39.1811      49.2601
      69.2186      48.0246      85.1140
      96.9284      57.4750      51.6378
      79.6304      71.3525      99.2253
      71.5842      69.9459     119.7539
      56.7238      40.3087      79.1947
      70.1975      50.6899      86.6181
      48.9945      41.2880      94.0262
      75.5876      64.2159     102.6000
     115.6225      83.2858      45.1278
     125.7089      89.5111      74.4233
      85.9229      50.4164      83.1461
      69.0103      60.5470     120.9521
      76.2568      45.8044     111.2246
      90.9818      61.9251      76.7016
     101.9415      79.7521      91.6088
      50.8410      47.0090     124.3854
     104.7567      59.2266      93.7545
      75.2246      66.4314      93.1785
     123.2293      76.4056      95.6512
      36.8750      33.2289     107.9521
      62.2003      49.3405     102.6568
     132.9101      77.4071      18.9814
      94.0403      65.9140      67.1861
      58.7365      56.6098      80.1722
      82.7100      60.8247      78.6981
      97.8411      92.2129     115.4736
     129.8920      75.7319      73.0672
      66.0865      35.0148     110.7172
      70.7795      60.9655      76.6080
      80.2153      65.2333      68.2479
      92.6101      54.6028      72.1906
      73.1609      75.9242     120.6230
     116.2855      79.1519      88.4350
      87.2066      47.6695      44.4442
      78.2468      39.8644      48.2719
     111.1357      88.4867      63.4119
      86.9575      50.5967      62.4394
     100.0708      60.5623     100.8878
      90.8371      56.4804      77.8639
      73.6124      42.3702      84.3483
      53.4714      27.8920      83.0306
      90.9909      56.1606      35.3554
      78.7222      73.9060      97.1814
     124.3027      65.0057      35.4527
      62.5303      43.1429      91.2823
     119.2902      92.2272      71.4161
      69.3252      32.6467      65.9106
     104.4294      69.6604      92.4866
      89.8888      80.6848     105.2423
     107.9418      75.9735      73.4769
      98.9085      63.9566      64.8398
      71.0997      35.9720      82.8430
     135.5055      95.6664      89.0542
      74.4075      59.1439     114.1635
      65.9934      27.5593      63.2994
      64.4150      72.6771     120.4713
      84.1589      60.3135      92.0050
     129.0202      82.8653      22.0039
      51.0141      50.1660     118.0989
      67.4239      57.9893      45.8690
     150.4385     102.5786      32.5838
      69.6615      47.0092      96.1297
      73.6642      65.2703     121.2841
      50.2786      35.6854     111.9401
      99.2919      57.3550      25.3189
      99.3304      75.6099      69.9425
      56.4226      55.2267     110.6917
      88.2980      64.3449      83.9140
      75.7831      40.4765      58.6177
      54.4896      33.0571      71.8836
      78.9842      72.3128      95.1723
      25.0981      15.0459     109.6987
      99.1917      61.8097     103.0431
      82.2606      44.8111      62.8753
      77.0297      56.9507     120.2278
      72.0082      39.6792      52.0220
      99.4788      81.8518      63.8263
      54.7764      56.1920     143.4778
      71.3861      48.6103      90.8793
     114.5542      67.6588      36.2230
      59.1314      52.3485      93.8845
      84.2491      65.4036      85.4675
     101.6899      73.6154      83.4843
     112.7556      55.0573      35.9212
      91.1426      65.3031      82.3827
      97.6943      46.8108       7.0728
      58.4797      53.1258     126.1289
      60.6184      47.1631      97.4923
      77.4527      46.3449      64.8469
     117.0921      86.0807     104.6495
      69.6333      42.4888      78.7026
     131.6333      79.9419      48.5192
      84.0503      68.9754      80.8261
      72.3626      49.8268      69.9963
      50.1794      37.2116      87.0407
      64.6133      43.7088      83.3415
     101.0769      67.0608      84.7465
     129.1957      83.4707      89.4151
      55.4077      59.4736      97.6770
     103.9363      72.4359      76.4102
     105.6581      64.6753      43.2700
     112.9256      66.4779      60.3113
      59.1567      58.4616     116.2645
      93.2576      67.5420      90.6662
      93.2247      77.9723      74.0153
      50.1901      44.0269     106.0255
     144.9672     108.4658     103.1784
      47.3025      31.7001     103.5625
      92.3792      54.3402     105.5024
     102.4270      89.4867     147.9066
      90.4346      68.3758     134.3919
     103.4618      71.3722      79.3718
      80.5031      50.9307      89.4649
      74.7427      61.7605      82.3493
     104.1077      89.0886      65.9076
      82.4128      59.2214     111.9577
      69.6238      47.9136      91.3415
      76.6518      53.2700     107.9412
      78.3165      68.7481      97.7703
      63.5252      17.5647      77.6987
      65.4334      30.4800      58.5867
      89.5391      80.5875     127.8563
      87.6159      65.3827      83.5456
      98.4631      72.3364      91.8985
      97.4521      46.6888      38.9909
      66.8834      28.7513      56.0208
      67.6795      55.3015      83.5305
      69.8460      50.7899      56.2366
      72.2266      41.3781      75.6676
      32.3060      29.5521      96.5504
     108.4444      79.3674     102.3697
      41.3735      11.1510      63.3456
      92.6969      67.6062      79.6310
      98.1715      63.4819      76.0002
      96.1240      66.0784      97.4452
     106.3012      61.4411      84.8235
      90.0022      69.4022      96.1961
      87.3108      71.6545      89.0937
      68.8958      39.3257      81.7321
      91.4390      84.2033     108.0620
      91.5866      85.1970     122.7940
      62.0280      43.1443     124.8049
      91.3448      60.7072      66.3648
      99.7273      67.0432      60.7698
      95.6424      81.0614      92.6752
      77.7047      53.7616      76.5225
      84.0204      69.3959      85.5751
     117.7563      75.8946      84.5825
     106.3798      68.2744      80.6228
     125.2860      81.7275      57.5966
      60.8603      43.5103      71.4776
     111.6251      83.9918      97.4098
     115.8097      83.2851      69.9971
      88.0848      61.1381      84.7533
      77.9636      60.1383     107.2327
      77.7953      50.0518      84.1318
      93.3296      65.7979     100.6438
      86.1539      51.6046      99.4798
     112.9813      64.1736      37.2475
     101.6216      77.1230      98.4696
      49.3692      48.7757     106.1242
      94.5899      62.9923      88.3520
      95.2632      61.6302      49.3631
      23.4268      37.5900     143.3414
      62.1938      29.5888      35.9832
      90.0079      52.1219      91.5092
      29.9640      12.0658      80.9481
      87.1210      60.8790     113.2762
      56.5659      50.0089     117.1813
      78.7984      46.6159      78.7109
      93.9116      71.4261     105.0162
     119.6081      92.6374     108.5029
      84.2605      57.9189      98.3124
      83.5712      51.0345      77.9360
      84.6014      57.1770      88.1987
     117.5981      76.1781      69.4913
      81.3033      63.7524     142.0243
      94.1729      63.4546      80.9244
      85.2842      61.8062      78.7185
      62.6193      35.7755      94.1214
      90.6170      64.4333      95.5962
      70.3356      70.9069     144.0444
     111.8969      74.7018      64.0630
      52.9268      35.2809      68.0146
      56.7885      57.5626     128.7655
     120.1244      77.4988      59.8086
     101.7483      52.5698      44.5909
      90.7356      67.9846     108.6143
      78.6032      72.6160     113.3857
      78.0388      61.5172      62.8912
      99.1779      72.7567      77.9106
     146.6203      98.0399      72.8736
      44.5430      36.4598     100.6654
      93.7686      70.2086     110.8005
     137.7344      99.3277      59.4027
      83.4508      68.2417      76.9940
      78.7901      51.6367      81.5293
     100.9672      66.7401      81.6227
      80.2462      84.0666     131.6637
      65.5754      39.5452     111.4731
      95.5508      83.9739     103.6419
     103.7266      80.1794     114.8269
      42.6915      30.6015     100.7025
      95.2347      77.7396      86.3602
      59.3505      32.1026      74.6940
      85.9628      59.9967      89.6694
      56.5427      32.7244     104.6878
      76.7865      49.8401      62.4352
      95.7182      61.0470      79.0342
      59.4284      47.9322      66.5472
      80.4947      49.9180      65.3344
      79.9995      35.3280      27.3987
      90.7268      77.6354      72.7416
      83.9655      50.2000      95.2777
      48.0704      29.5787      68.6624
      69.4039      60.6267     121.6034
      84.1373      60.8552      99.6288
      71.0660      48.3478      95.1379
      28.0738      43.6827     161.0755
      87.3013      61.2761      65.4669
      60.9978      37.5032      62.1189
     110.4946      62.0243      80.5078
      67.8412      56.3670     109.4300
      69.0782      63.0860     109.9488
      88.4619      79.5232      83.3795
     103.9902      86.7667     130.2731
      54.5432      50.3076     102.1134
      77.8031      41.2359      48.7286
     105.0667      56.8760      65.9412
      96.5976      58.7374      73.0179
      75.7167      58.8189      85.5106
      94.1901      76.0791     112.0073
      79.0117      60.0237      96.6663
      69.1318      47.9394     110.0628
     110.3436      88.9960      89.8588
      55.2553      67.8845     118.4431
      88.6993      78.1571     135.8410
     120.7009      94.5903      66.5259
      47.4505      40.9810      96.6109
      48.2574      39.2245      63.4937
      89.8731      45.9565      55.1013
     131.3023      96.2051      73.9651
     105.9324      78.1101     107.6218
     113.4134      93.8903      92.4980
      75.5812      48.5999      85.8863
     124.8138      88.2342     118.1986
      91.4859      70.2688     121.9098
      51.1666      45.2397      99.0798
      74.8965      59.2923      59.0221
     103.8502      73.7379      93.7085
      34.2305      34.4439      88.2753
      50.3764      45.9248      94.5466
      63.1153      54.5832     134.8855
      94.5236      80.0931     110.1727
      93.1949      57.5094      73.5657
      97.8002      83.2435      71.4597
      66.9950      51.1806     113.6367
     114.1077      86.7620      83.7781
      73.0580      59.6992     102.6874
     108.1249      81.6667      59.1828
      80.3182      69.5028     122.0313
      60.7860      30.7988      48.2112
      82.4964      56.7703     104.7036
     140.2621     108.2731      68.6060
      78.5679      42.6523      66.3002
     157.1139      92.4858      70.4613
     111.7669      81.4424      54.5760