5.5414          11.5505
4.3729          7.7193
3.5613          5.8648
4.9030          2.8831
2.8013          17.2094
3.9476          5.6263
4.7230          10.4139
4.4653          5.7701
7.9717          8.5632
5.2449          13.6794
3.8695          10.4305
3.5818          9.3061
5.7280          5.9703
3.7610          7.9542
9.6385          9.1423
5.3861          8.0135
2.3145          7.1054
7.2937          3.0072
4.6401          8.1248
5.1668          5.8899
4.1441          3.9917
5.7945          13.0971
3.5475          9.1060
4.9634          11.6734
1.3528          10.3317
6.2064          13.8189
4.8055          8.3944
5.3700          8.5423
4.6683          8.7642
2.4350          7.4757
4.2910          20.3448
3.6329          6.0097
5.8204          18.3301
4.7901          11.5787
2.9475          8.5284
5.3758          8.7223
4.9391          12.2324
5.6667          7.7434
5.2640          11.0547
6.1366          13.3975
4.0076          13.1888
5.0700          13.9264
5.3398          7.9514
6.4919          4.6173
5.3522          5.8576
4.0049          17.1279
3.8626          5.9824
5.4497          7.9310
5.1245          6.4990
4.2104          13.7659
5.5406          6.0487
7.6598          4.2312
3.4326          4.0162
6.4581          8.7674
5.1487          13.3128
3.4478          6.4120
4.9667          13.0829
3.6083          14.7775
5.0170          8.1164
6.5212          10.1536
4.2720          11.6693
2.6261          5.4013
6.3560          9.2887
4.3601          6.1642
3.9005          4.9404
3.4125          4.2862
5.0813          10.2081
2.6531          15.8832
4.0668          12.9515
4.7629          7.2705
6.2346          10.2326
5.5138          11.9429
7.2013          4.3795
4.4651          11.4561
7.0257          8.5688
6.7488          13.9370
4.0623          13.3135
5.8255          9.0235
4.4553          15.8615
5.2210          18.3951
5.1925          14.8484
6.0904          9.2843
6.8148          9.4221
6.5956          19.6976
5.1140          10.4392
3.8802          8.9008
5.2269          11.2613
6.1167          9.0428
4.6176          6.3088
6.1445          3.1148
2.9062          15.4858
7.7284          13.7732
7.2760          6.6452
4.7566          20.7963
7.5762          13.2209
6.0632          16.5140
4.8307          9.8392
2.1255          17.0129
4.1735          12.5680
4.2043          4.0235
5.0623          9.0443
4.5916          6.7412
4.0019          11.0627
2.7811          5.3761
5.1652          7.8953
3.6400          4.4245
5.0905          8.9102
4.3340          17.5349
6.2057          7.0511
4.4953          10.1061
4.0343          10.2758
3.0128          8.7573
4.2563          11.7756
6.3124          11.6988
4.5055          7.9232
5.9743          12.0214
6.7528          9.8134
4.9791          13.2083
3.5644          5.4855
4.7490          8.2826
0.6169          9.2147
4.2811          8.6858
5.6856          11.4128
6.3846          12.7797
4.8634          13.1805
4.9404          8.5176
3.3512          10.8841
6.3942          16.9620
2.8235          14.5368
7.4091          16.7760
5.1300          12.6505
4.6229          8.9886
5.1215          15.8871
4.6561          9.3743
3.5912          10.1149
5.4033          9.4571
5.3633          6.3347
6.4985          15.1749
5.3369          7.0813
4.5155          11.4462
7.4806          7.1562
5.1608          12.7566
4.4869          11.8583
6.1545          15.5401
4.9306          6.2010
3.5314          10.8094
5.5710          10.9174
6.1304          20.1444
6.5147          16.0437
4.0527          10.8571
4.5640          17.7770
5.3986          18.2552
5.0812          14.6268
4.1353          12.2606
5.4374          5.3311
4.6869          9.6552
6.1959          10.7435
2.0092          5.8329
4.3387          7.1667
6.1476          5.6885
3.9207          7.6049
1.8681          3.6795
5.8897          15.6174
3.0142          12.1219
6.3523          11.2612
4.5170          7.2848
6.6602          8.1092
3.5015          14.1679
5.1279          7.4230
7.6273          10.7920
3.0416          14.9217
4.3645          10.5410
3.9465          2.4894
2.6829          5.7947
5.7508          17.0182
2.7719          10.0646
3.6913          8.4366
6.4420          11.1444
5.3964          12.4267
6.0080          5.8197
4.1232          16.6639
3.6270          15.8001
4.2399          6.0295
3.4228          8.2015
3.3462          12.0694
7.2365          12.4374
2.5428          6.8218
6.8753          14.3454
4.9958          8.1725
4.5744          18.7260
3.0070          4.2943
6.1029          15.0133
5.1659          1.4031
5.4974          11.2668
5.6008          7.8487
5.9668          15.7816
2.8307          13.1349
3.6718          4.4838
5.8511          10.1333
2.2476          10.0768
6.0656          14.0975
7.1875          9.6193
6.6369          9.4153
5.7000          6.5813
6.5797          8.6392
4.0677          8.7013
6.4331          15.7054
4.2211          10.1046
1.8592          8.3870
2.9011          9.9200
4.8146          13.5347
3.1016          9.4104
3.9531          11.2268
6.9500          24.9725
3.1278          4.6426
4.2527          7.3340
7.8544          13.5653
4.1569          15.9604
7.7321          14.1983
5.1413          9.8540
6.8667          8.0883
4.7387          3.2489
5.2094          7.6252
6.4482          20.1738
2.5807          11.8375
4.7401          7.3451
4.8406          10.5796
4.4243          7.7891
3.8118          12.5247
6.1083          9.4034
3.6574          15.5208
7.1654          10.7939
5.5113          16.6170
6.9049          12.7964
5.1297          6.1088
1.4918          13.3392
5.7255          10.0534
1.9003          11.1473
7.5104          15.5818
5.8267          12.7181
8.7081          11.1916
4.7894          7.8354
5.9089          10.7701
7.0319          9.0560
8.7243          17.4238
3.1517          6.0211
2.3517          10.7962
5.9367          11.6144
3.1837          15.4572
3.3374          12.1370
3.5671          3.8698
6.1160          11.5156
7.8024          8.0311
5.0671          3.3695
4.7384          15.8172
6.8902          13.9264
4.0895          19.0099
4.3710          18.2645
5.3154          16.9675
5.2634          6.5125
4.4148          13.7055
2.5826          14.7220
6.3700          13.2709
7.1327          5.3557
4.8482          9.5117
6.2138          9.2571
5.3261          9.8910
2.7905          5.9541
4.3700          6.7026
5.7571          11.3103
6.3097          6.9133
4.6740          9.6598
5.3853          14.0650
5.8738          9.4011
4.2325          8.9290
6.8803          13.6078
8.9084          5.8020
4.9574          12.4048
4.7576          13.1753
4.8248          7.8395
5.3612          9.7294
2.0694          5.8819
4.2176          5.3325
3.5190          7.7721
4.7276          11.1573
5.1214          8.1839
1.1890          17.7215
6.1386          3.2784
3.5125          5.5565
5.1139          5.2696
6.3498          9.9567
5.7294          6.9502
6.2135          8.8532
8.3595          2.6199
3.9305          12.7891
5.0051          6.9499
5.0059          15.5390
4.1784          8.3108
4.2973          15.5878
6.0000          15.9702
3.1656          13.6440
3.6221          13.2604
5.8984          1.3740
4.7268          9.0078
6.1620          18.5745
7.8939          11.4825
4.5297          7.8024
4.6571          10.8514
7.0558          7.3219
6.0071          4.6150
5.8135          7.6395
6.8409          18.5575
4.6477          12.3410
4.1252          8.3120
6.4033          8.7836
4.6740          5.6347
5.6763          17.7995
6.7066          13.1492
3.4250          8.1147
3.6314          15.3218
3.3410          9.2740
4.8394          7.8452
4.0622          12.4249
5.4962          6.3264
2.6709          14.0108
5.1367          12.0117
3.3725          13.9657
5.1141          14.5963
7.9334          12.2825
6.5664          5.6867
6.6540          5.6435
2.7577          8.6512
1.6555          4.4141
6.7859          21.6716
5.4137          8.7374
5.5931          12.6048
7.1293          8.3057
5.1250          16.1013
4.8874          15.8925
4.8292          14.7486
5.4610          9.1471
5.4298          14.2309
4.3753          4.0304
6.6032          9.6507
4.9621          11.2279
8.1079          3.3363
2.3251          8.1944
4.5207          10.8864
6.3489          13.3336
4.8193          14.4100
4.2111          12.2583
5.8227          20.3900
2.6737          9.8433
6.4362          9.9075
4.5103          14.4576
7.7813          3.9551
6.7445          10.2572
5.7044          11.0206
4.2123          9.4842
4.0731          17.7038
2.4925          16.1755
5.7328          8.3155
3.6301          18.8519
3.7216          9.7751
6.0255          8.8930
5.9046          14.6217
7.3636          6.8569
6.8126          3.6505
6.6860          8.5083
8.9975          12.6828
4.7623          10.9359
5.6584          3.2071
3.6643          13.1468
6.3628          10.5656
6.9023          10.1222
5.2233          8.6124
5.9592          16.0545
8.0249          16.8084
2.6596          11.3177
2.1985          12.0592
5.6333          14.0743
5.7886          11.5270
4.9466          12.9743
6.5442          10.0610
4.0342          6.2969
5.4951          17.6320
6.9323          13.3997
7.0261          4.4958
3.5501          14.5014
4.6851          11.8311
5.2818          9.0644
4.4792          9.9245
6.4971          10.1886
6.1649          6.9903
2.5744          9.4975
4.7875          16.0774
5.9810          10.6774
3.4321          8.9936
6.1999          9.0661
6.3163          9.9414
7.1105          13.8590
3.8564          12.7459
4.8442          6.4835
4.3629          11.9131
6.8205          9.8594
3.2285          14.9882
2.1318          8.1680
5.3421          8.3311
0.6631          6.5444
6.8137          10.4207
6.5045          0.7758
5.0409          7.2792
5.9278          9.9165
5.2395          12.8632
4.2446          1.6854
8.0911          15.4299
5.0219          12.1923
3.0535          9.1168
7.4485          19.8639
4.2596          11.7253
2.6083          7.4451
6.0379          14.5266
6.8978          15.4016
6.6064          7.0114
4.7359          4.1046
6.7712          17.3059
3.0501          10.9713
4.0136          5.7143
3.0782          16.4151
3.0711          7.8262
6.1895          11.8110
9.7551          10.4377
6.4002          13.0063
4.3830          18.1110
2.4407          8.4381
4.5107          9.8960
3.7519          12.5974
4.1444          11.2455
4.8174          12.0461
7.2816          17.1715
2.8942          12.2719
2.9631          4.4295
3.5333          9.8995
2.9206          13.4943
3.9300          11.2477
5.0061          8.9847
7.3647          16.4969
4.5212          7.1601
2.0803          9.2029
5.9817          12.6855
7.3037          12.0363
5.6034          8.6407
6.7170          6.1977
5.8950          6.8911
4.1171          10.3627
3.6285          2.0209
6.5059          3.2534
5.0016          10.4220
6.0345          11.8135
3.8471          6.8056
5.5425          9.3393
2.5241          13.7039
3.4739          11.1899
7.1088          6.3394
6.1908          9.7838
5.9684          14.4958
2.1923          7.3423
4.3863          9.6429
6.3383          12.2329
3.0695          10.6250
7.7848          4.6671
7.8579          13.3793
5.9098          9.8601
5.9019          13.0588
5.5058          3.3703
3.4827          10.0783
3.0882          10.9955
4.9671          8.7764
3.4393          14.0145
3.6962          17.4914
4.9987          2.9354
4.3989          6.9244
5.4556          10.8794
2.8980          3.2623
3.4804          2.6078
4.4909          14.8745
6.2976          7.2515
3.4599          11.6458
2.6510          11.4160
7.0920          12.4914
4.2054          3.5295
2.7858          16.4322
6.8338          9.0545
8.1718          13.0082
5.7405          12.9405
7.2009          14.9594
4.8571          10.3790
2.9185          2.4655
5.3169          13.3278
4.7917          13.0872