38.1586
45.3753
42.1859
43.3117
38.2536
55.0057
39.1306
39.0832
44.7635
40.8927
32.6300
27.7834
55.6802
51.5517
29.2862
25.7962
58.0394
52.9924
48.5585
31.7264
56.6494
22.4288
59.6281
60.2813
64.3122
37.4458
36.5412
62.5542
41.0512
63.1994
54.5244
52.1612
63.6111
44.9797
33.1116
63.4370
31.2461
32.2140
59.4718
49.6402
58.5616
24.7387
28.0816
28.8736
38.9258
42.9179
23.6291
45.1704
22.7154
41.9364
18.7934
40.9516
58.4126
54.3458
55.2878
30.8053
36.3179
63.6923
20.3087
38.2942
39.3951
63.8027
22.2804
21.2405
25.5133
18.0582
31.5360
22.6953
27.1026
55.7336
48.3260
44.5425
44.9875
32.2303
51.2946
45.4418
46.9161
35.7801
25.3137
53.5644
23.0478
50.9500
50.3170
20.3229
62.4173
56.0242
21.5230
40.0499
50.1403
57.0919
40.1883
21.3279
53.8748
43.4202
34.7823
22.4239
35.8058
48.4386
51.2229
31.0308
29.1680
42.4139
30.5644
48.2711
50.0716
52.6442
19.2789
32.6624
61.1483
25.7491
30.0198
23.5021
33.2816
39.3846
51.5105
22.8703
22.4382
25.4616
59.9472
26.2070
49.3646
58.6949
37.0571
39.1658
51.6673
20.0613
58.7023
24.1962
48.5385
41.4955
59.6704
61.0593
59.1465
47.9009
20.0426
30.2290
32.4535
61.3044
61.2787
19.8819
57.9789
29.7327
45.9114
36.9296
57.7717
23.1381
25.4891
58.2955
51.6090
52.4527
26.1582
60.3907
31.1852
48.5988
23.0265
52.4901
41.8088
33.0324
26.1966
57.4645
47.8707
53.1505
25.1112
42.0685
63.1017
31.6377
19.6006
45.7410
51.3824
19.5817
48.7728
63.6183
55.6239
38.9357
46.6373
50.2145
36.9819
27.6554
23.1025
45.9723
46.4231
36.5889
46.7380
64.6366
46.4059
39.9475
34.4423
49.1550
28.1948
48.9365
22.9060
27.5573
48.0711
54.8720
57.5121
48.0179
52.4566
44.8641
21.0627
48.0539
31.7169
62.8935
18.4741
59.5618
20.1586
18.8597
18.3304
35.1467
35.4857
40.9285
48.9349
49.9461
62.7331
63.2584
49.2533
46.9024
58.4399
31.9323
37.8847
44.1863
56.5806
55.6737
52.9557
43.2254
46.5176
27.6751
32.5744
62.5392
56.9935
42.6168
52.2376
29.3362
45.9249
30.7045
31.3301
24.5743
53.5176
50.3031
53.6078
25.9375
53.9657
60.4960
61.3048
43.9343
33.7511
27.6465
44.2549
54.0675
37.3099
56.7910
24.1684
32.7821
26.5803
62.4409
38.9551
40.6411
23.6979
56.1221
61.7338
25.9355
30.8541
24.7295
35.9184
20.6784
32.0835
30.5259
31.5224
49.6895
64.4952
47.3613
22.5714
25.2206
29.2141
46.4435
19.2650
52.3263
52.0484
57.7352
31.2781
30.9335
53.6477
38.8084
55.3421
37.3120
20.6677
52.7319
56.9981
18.3990
37.2086
46.3219
22.1604
23.1821
40.5396
35.8327
24.8826
45.0928
28.8796
61.9159
34.4672
18.1133
50.7446
39.4264
42.8072
51.0510
22.1323
62.4033
23.6028
56.1831
40.5560
44.3034
45.8425
55.2236
43.6947
29.3161
29.6894
60.3177
22.1761
31.3372
54.6630
37.5151
33.7559
54.9304
26.7585
48.9262
29.9105
24.3537
60.8921
23.5136
34.6090
63.4797
32.8151
28.2230
51.7788
30.1877
56.3856
42.9061
29.7313
40.5550
34.8397
40.2379
34.5638
63.9270
18.4523
55.5829
44.3016
18.6928
57.7278
37.5127
56.2979
24.3446
39.0124
33.4277
37.1553
54.1505
48.1669
54.4866
55.1865
30.5168
33.6930
56.7968
54.1772
53.8693
43.4508
64.5683
54.9699
44.6309
64.8614
49.6849
32.1313
63.6246
61.2317
39.8955
40.7215
49.9787
56.5957
46.5784
51.9285
30.3637
39.2095
25.7823
49.0849
32.1382
29.5932
50.9966
54.3319
25.7316
59.7589
41.8543
49.9469
45.3431
57.0159
49.7205
52.0990
37.7834
60.4938
44.8704
69.08
42.5494
35.0390
35.2738
41.7082
39.5618
35.8851
64.7692
47.2326
37.0380
27.6278
21.7456
34.6990
22.6449
26.8013
39.1209
62.1838
62.4485
29.3994
58.4369
56.5039
28.3199
54.9704
35.6419
63.6919
60.1303
57.6505
45.5758
39.9845
46.4984
14.33
55.2976
55.0224
38.6084
21.9917
41.1464
51.7190
45.3620
59.1567
55.1770
57.9981
19.8816
19.8411
46.3591
18.3555
60.1296
50.5246
22.9464
59.1592
59.1064
29.0592
31.6531
26.2630
48.7101
44.6579
35.3341
56.0347
54.0541
44.0721
57.2104
62.1091
29.2153
23.4502
20.0895
62.0971
47.3655
27.4871
33.8818
25.9800
56.8060
42.9141
24.6124
50.9799
47.3816
63.8778
34.8805
39.6708
36.0997
52.3504
46.4710
43.8471
44.5342
45.4601
20.5699
51.4142
64.3412
62.3832
63.7873
26.3174
18.9654
39.1884
28.9419
36.2739
23.3652
31.7740
33.3086
32.8253
33.3340
45.7883
51.7832
34.9738
55.7468
39.1740
44.1678