19.1224
16.8255
15.1487
12.0277
16.3529
18.2075
14.0165
15.2064
11.7085
18.6139
15.7829
10.6708
11.9862
13.7562
15.1365
10.0153
13.4175
13.5883
13.3288
14.4071
13.8870
15.2745
12.3899
12.5398
17.0746
15.7770
17.4402
19.0652
18.9910
16.4056
18.8159
12.0976
19.8734
14.1749
18.2283
10.8843
16.9126
17.3115
15.6747
17.2354
15.7779
14.7552
16.3201
16.8075
11.4100
11.9980
19.0683
18.8346
11.0503
18.1056
11.0416
15.3996
14.9749
11.2631
14.6868
13.8415
12.9030
12.6907
16.7272
18.3899
16.5473
11.2718
10.6793
19.6230
11.2761
13.7382
17.1525
12.8406
12.3554
17.7552
18.6503
18.9472
13.7397
17.7510
18.0933
13.9392
19.8805
15.8345
12.7803
15.5883
13.5212
12.6437
18.0091
18.4170
14.9469
15.4706
17.0725
10.5577
10.6578
13.5043
16.8518
18.5918
11.9363
12.5378
10.7233
18.9592
16.2737
13.9809
12.9991
17.0359
17.1284
15.5236
11.6189
17.4694
19.9823
13.2937
18.3132
11.8691
15.1650
17.8524
17.9560
12.4432
10.4141
18.8714
11.3246
12.6767
18.6405
15.8352
17.9881
18.6444
18.8682
14.6131
18.5402
17.0523
10.8160
12.2434
17.8967
18.6011
16.0905
14.7748
13.8772
17.7660
11.4598
15.5081
17.7872
12.5860
12.1755
13.4815
16.2219
10.5572
15.8122
14.5447
15.8098
19.2223
19.5938
19.8636
15.1130
12.5526
16.6746
19.2015
10.4061
16.7135
19.3444
18.8186
14.5500
11.3093
19.6255
16.3346
10.6799
14.6997
10.2322
17.3981
14.9273
14.4827
11.3593
11.5064
14.8932
16.7372
11.2701
16.8192
13.0926
10.1192
11.1517
16.3104
17.0876
13.4048
17.2066
10.1015
10.5302
17.5747
15.4495
11.3202
11.8301
16.0335
17.1780
15.3286
19.6700
19.0570
15.5853
14.6637
17.0842
11.0625
16.4856
14.5350
18.3210
11.7942
18.6175
16.2222
15.2064
15.0195
11.4983
18.2175
12.2295
10.8275
11.2948
17.4550
12.0666
10.1262
17.6801
15.4725
15.7635
12.4292
17.1465
16.8482
14.2950
10.5287
10.7417
19.7571
10.7203
18.1456
16.6972
10.9892
14.6525
19.1530
10.9188
10.2760
13.2611
19.4649
10.8064
11.2658
15.5271
15.1854
10.3736
18.9937
18.9686
13.1106
17.1337
16.1902
10.5551
12.1783
13.7229
13.2704
16.0314
16.9588
19.7283
19.3489
14.3670
16.7801
11.6897
14.1243
16.5523
16.5817
11.7441
12.9760
10.4586
18.0911
17.8812
10.1182
15.9817
12.4155
11.2794
17.1533
17.1872
17.6440
18.6906
16.8711
10.6766
17.5530
10.3420
14.6339
11.8927
10.0090
16.3250
12.1950
13.5837
16.1621
16.9387
11.2916
13.1435
14.0246
14.9572
16.8567
18.0484
12.5283
10.2901
12.1951
11.1079
14.6530
10.0034
10.9644
19.7484
10.7228
19.1710
13.3076
16.0498
15.4604
10.5253
15.9793
16.7518
14.8959
13.3746
18.8102
14.9502
11.7227
14.7577
12.3527
17.7014
10.1942
18.3028
14.0521
16.2532
14.1557
18.7608
12.7872
18.1226
14.3043
12.6808
14.1238
12.7367
13.2711
18.1972
11.1241
14.8576
19.6201
19.3969
18.0573
12.5091
14.3561
13.2348
16.8543
18.6237
16.0364
19.4676
18.6497
18.1298
13.0798
16.5735
15.2558
14.6966
14.3664
19.1272
17.9123
13.8559
11.7229
14.5983
13.1548
11.7198
10.3851
10.0429
18.1456
11.0129
16.0339
11.6559
10.3128
18.6373
19.4966
12.6542
18.6377
11.4906
12.7087
17.4576
16.4382
19.7528
12.0280
12.6382
17.9888
19.3648
17.4970
17.6062
13.8230
17.9131
19.1463
10.4994
12.0607
10.6429
13.9320
17.2488
15.6046
15.8164
19.4023
14.2842
17.5504
11.1353
12.6863
17.8537
19.6523
15.4467
15.8982
15.4211
11.1901
12.4511
11.5522
17.1133
18.0794
15.6313
14.0803
17.6852
14.5707
16.1197
16.0474
11.9706
12.3794
17.7254
10.1575
19.2884
14.5915
15.8365
10.6450
14.7724
14.1882
19.4200
10.1438
18.0941
19.5341
17.8342
10.6294
12.5463
11.6708
16.6760
19.5266
19.9571
10.7620
19.3787
14.5768
19.4028
11.5324
13.7822
13.5595
10.1882
10.0443
15.3905
17.4602
12.0631
16.6560
11.5396
18.1801
18.1442
12.5055
13.1905
14.3802
18.5109
19.3635
13.5694
11.5536
14.9430
15.1991
15.3711
14.9207
19.7705
10.3025
10.7469
16.2401
14.3031
11.3074
10.7927
18.1289
14.8084
12.9583
13.7600
11.9876
16.5084
19.9653
13.7043
18.1209
18.5611
13.7904
13.7929
19.1505
15.4983
11.7098
10.9897
10.3123
13.0870
17.9943
11.3346
12.7322
19.0826
19.5539
17.5388
18.2738
11.8445
10.8880
13.1123
17.0529
12.2810
15.6863
19.7436
11.2112
17.0935
14.9241
17.1504
11.0431
13.7881
13.7952
17.1193
12.0712
10.4233
12.3263
15.9539
14.1611