7.6129
19.9330
17.1410
-0.0610
-3.7710
-0.7470
-5.1475
63.3867
26.5324
73.3807
23.4871
51.5537
-1.4508
7.0071
16.9264
49.8435
28.8957
51.7643
5.8994
63.4652
10.7291
10.8038
41.7693
67.8276
61.4207
59.3830
11.6913
43.6765
25.8191
10.2518
20.9931
21.0324
7.4631
9.7714
53.9434
55.5969
40.2084
30.4781
19.8696
49.5826
17.8002
11.6614
39.2594
35.5248
15.6986
-7.6674
16.4394
62.9368
-10.5368
29.6264
32.1468
37.5356
40.4871
6.2311
63.4828
45.1793
63.7605
1.0719
13.0518
39.0318
48.2906
50.6764
17.9704
47.5056
16.5660
59.5348
8.2494
23.6771
32.6575
21.0448
-4.6797
26.6602
0.2586
56.8930
55.9440
42.8144
63.1069
29.2721
4.7573
41.0394
18.9751
55.5260
27.4865
17.7224
36.8515
11.4422
61.6078
40.5789
23.7510
15.1576
22.0210
60.8306
42.6929
1.4837
3.0768
23.1220
14.8400
52.5506
13.8631
46.8801
36.0794
18.6553
-5.1540
57.6136
45.3406
22.8259
48.5785
54.3769
53.9269
21.3826
5.1715
10.8208
56.5407
60.9600
20.2214
-0.0960
12.1977
31.8033
55.6854
25.1615
8.0951
11.4204
27.6612
47.4717
46.3724
12.9347
18.8315
50.4541
15.5535
41.0957
17.5112
20.2094
48.3703
50.0333
28.8208
37.8360
19.5755
10.8767
13.5705
61.1924
14.8328
14.9867
18.5025
17.6718
47.4696
17.1993
10.5682
12.0071
17.2820
10.4045
44.4120
62.2076
5.1669
4.7956
17.6988
68.6034
39.8968
5.9727
27.2701
48.7664
12.4931
47.7378
8.7160
9.7129
5.8428
9.2473
6.4226
-0.0599
55.3500
16.5264
3.0776
54.4595
12.4171
14.9558
26.5258
49.5788
20.8438
10.5864
37.5903
55.4880
14.5314
0.4646
20.4598
37.8202
21.8461
18.8017
63.1225
31.1882
42.3775
44.7906
22.1737
55.5228
3.8642
46.0268
9.2370
31.6506
20.9857
42.1300
17.4316
0.3763
7.2054
59.6032
37.6046
5.4525
17.2311
44.0780
13.1808
55.7043
5.7302
22.9957
3.9024
48.6472
36.9645
-0.6406
45.7792
16.7884
48.9233
25.5489
-0.3918
9.7098
12.6018
30.4111
13.6073
19.2609
33.9139
10.1854
56.1947
19.8482
56.1504
22.7291
37.5185
23.8484
44.2902
22.9923
10.0338
20.2347
15.9135
18.2343
1.8103
44.7298
23.5365
63.5162
49.2810
8.1354
55.8092
47.0766
57.9419
51.8852
33.0378
31.5450
17.4028
56.3436
58.3936
15.3012
11.3621
30.3096
12.9241
62.3865
31.1223
22.6332
2.4870
55.4140
32.7694
42.2417
7.1959
10.2083
61.0822
60.4141
32.9666
52.2959
29.2625
14.4328
-8.6365
62.7305
32.1965
-8.2508
62.0151
47.6074
29.0853
54.6911
42.1324
20.0611
8.9765
16.5231
56.8233
19.9332
5.7836
12.3584
42.4980
62.8466
15.1430
21.8030
-8.9410
34.1609
18.9030
14.3824
52.1204
51.2702
5.4877
14.0665
25.0260
49.0142
7.1379
21.6218
40.5324
41.4626
23.3242
27.2254
11.8857
20.9672
25.3859
20.1243
12.5069
17.4964
3.0070
7.6973
25.8598
12.1309
24.5720
5.0987
47.4763
12.8061
42.9723
12.1101
25.3098
23.7260
63.5849
27.9916
41.5540
26.6710
26.1236
18.1393
12.2835
22.6537
15.5420
25.3906
64.0356
15.1074
13.6973
44.3239
7.6393
6.5055
30.4597
19.6297
67.7500
22.0017
47.1924
49.1660
34.1309
22.4538
14.7500
17.6153
41.2859
56.8367
7.7267
20.4244
9.3462
20.0801
21.1819
50.4302
3.6383
65.1233
25.2990
54.4499
36.4574
10.7470
18.5920
22.9157
3.7645
57.3812
17.9212
25.3133
21.0936
29.6710
58.3428
30.2040
17.2183
13.3121
52.8951
42.5141
5.9168
8.6202
52.0352
10.9511
2.4051
49.8425
23.9275
72.9245
7.5706
11.3998
11.0579
63.9119
54.8428
17.6696
43.5300
6.4934
18.8189
40.6142
18.1013
58.2981
64.9439
6.2776
43.4003
14.5486
12.6351
43.9451
9.4715
30.4754
7.2658
3.8982
16.4596
21.0426
24.8253
50.5667
22.6503
43.2279
27.2575
13.9566
16.6048
22.0765
59.8059
22.8074
43.0710
47.4326
13.4642
-4.4069
49.7816
-2.6792
-1.6930
17.1801
22.2534
46.9138
20.3292
42.1946
51.8243
10.7652
-1.7368
24.6535
15.6858
21.9069
-1.7130
18.0714
7.9419
48.2769
50.8658
14.3022
25.0342
48.5623
16.3112
55.8308
45.1593
23.3119
15.4689
6.3659
40.1311
47.2572
6.6479
17.0856
6.2108
44.3015
15.1386
37.9752
53.1111
44.0742
0.2803
16.1533
30.4090
23.8430
54.8254
49.1197
61.3768
40.9463
15.2936
63.1414
29.6413
-1.1319
3.2979
44.0858
13.5085
9.5797
10.9949
52.5940
39.4408
3.5079
65.0874
35.4399
36.4077
17.0209
-2.4860
28.4652
43.1803
8.9774
49.8631
16.2653
73.5764
14.6439
28.5799
3.5137
10.2784
16.5363