142.2799
164.8924
230.3942
167.5229
218.2114
204.7547
96.2920
166.8693
132.5928
208.0558
103.9351
139.7865
178.2759
185.5751
179.7574
144.9515
99.2614
138.1356
232.6296
90.0988
133.9794
213.2183
207.2150
175.8355
123.6101
120.7798
152.9053
130.6210
149.3852
187.9627
175.4971
182.5464
163.9694
217.8424
69.1667
107.5236
172.6063
184.2839
158.7794
86.6580
182.2602
108.2105
166.7529
173.3128
205.4111
108.9152
142.2975
203.1909
90.4075
227.8580
118.7837
90.4662
122.7140
176.6677
145.2638
89.7238
180.6306
188.2539
194.5728
194.2259
120.7736
163.1887
202.4584
195.7046
161.9540
159.4978
181.9435
213.2318
214.8774
178.3224
142.3333
157.5306
87.9556
215.6831
189.8324
228.7028
152.9762
87.7497
224.8827
155.7913
211.6718
191.7675
146.9979
173.8960
162.4239
213.2780
119.2275
198.2476
158.3906
179.6535
85.3523
122.6076
147.2838
75.8890
161.9089
164.7698
195.3038
209.6724
91.4091
109.2823
94.3671
82.6937
221.1939
104.7144
114.0318
163.1768
162.1733
195.1522
180.1301
164.7360
194.6428
69.0913
171.3176
90.1050
100.0476
223.3086
138.7813
169.1480
123.6726
194.3303
150.0783
129.2353
159.1964
158.3438
181.3760
192.1708
87.8450
106.5172
177.7628
172.4688
197.6578
58.0560
159.9935
186.8056
206.8306
226.7881
196.3674
221.1637
166.0978
124.9427
215.7438
165.4013
166.3819
158.4106
97.2059
161.7772
203.6064
94.5868
217.9404
97.1516
221.8633
94.0423
189.6389
103.7031
94.8111
191.1763
199.7780
199.4483
168.4045
153.9758
113.9873
220.7289
152.3755
134.8090
124.8563
117.0348
82.9046
142.7711
140.0618
132.7463
69.6149
65.8833
110.8422
199.4444
67.2563
124.0145
206.7460
78.5274
74.1662
189.9207
158.7264
215.4038
110.7570
163.3688
158.1331
168.3692
105.9634
157.0328
118.4098
96.9530
167.4486
202.8321
136.9179
187.9002
175.5099
160.2948
183.5009
84.4301
196.0795
152.8389
146.5842
160.4717
68.0073
216.6846
187.4895
88.8921
166.1167
173.2089
182.1244
202.5782
205.7722
195.1060
175.5065
109.4914
192.1662
144.4427
118.7905
96.0289
71.6787
167.1994
167.9337
71.0342
90.5122
172.8885
201.0022
230.6391
179.6160
161.5508
212.1776
98.5612
157.9989
180.3903
164.4894
89.8811
140.2570
174.3052
175.3723
219.1324
210.2261
98.1429
214.1179
162.0192
181.2432
124.5489
153.8127
143.0072
163.8951
208.8551
180.2152
155.5190
155.3301
105.2546
203.4685
156.6754
106.0906
169.0460
127.1170
195.1085
185.9939
127.3059
162.8469
176.0981
222.6003
192.6897
166.1921
159.4179
157.5976
217.6255
168.7550
203.5794
185.4001
227.7594
170.8333
260.4939
140.7858
203.0814
96.6012
193.2111
171.4107
107.4445
188.3174
170.3774
108.9621
218.3547
128.7173
110.2659
208.1242
149.7561
236.1134
116.7848
152.6607
113.4366
171.4788
162.9247
151.3086
99.8940
150.7297
169.9975
201.1141
116.5380
111.7753
170.6932
196.8406
104.1053
209.2315
183.3624
107.9313
80.7378
92.5180
77.2735
229.6409
59.6745
199.5197
209.6709
172.9074
167.7788
96.3164
186.1023
201.8027
186.0892
134.5886
180.2437
126.5058
119.1559
144.4930
169.7421
188.9097
73.8654
130.7534
84.3774
158.6054
122.7346
151.5741
171.1537
197.7500
130.2382
161.8324
115.0345
102.7597
143.7139
172.1452
179.4262
160.2964
193.6526
200.1169
201.9746
186.0479
164.3421
183.2343
154.2193
181.7068
191.9808
108.4978
162.8800
77.9802
235.2470
148.3566
166.6928
79.9660
116.5655
97.5694
104.1532
98.1359
76.3943
186.0694
113.4784
164.9937
111.9098
239.1118
204.0374
173.1810
222.8611
86.5491
120.8399
207.3975
103.5378
197.9388
185.9989
106.0394
172.1475
115.1750
75.7177
96.2695
192.1475
158.3899
122.6310
196.8346
139.8943
152.5367
68.5031
225.8865
153.5086
73.1466
180.4909
178.8063
115.5368
137.0135
193.5485
96.2049
225.2675
178.4363
227.4277
72.0895
149.6501
211.9155
158.2958
95.5222
222.1399
117.1889
226.5097
82.9981
99.9724
215.0811
149.6728
132.5334
143.6853
76.2878
86.1364
160.3924
94.1065
191.9462
194.8012
168.1671
75.6133
225.8266
162.6793
187.7052
168.8335
126.2440
188.0172
162.3478
119.0666
185.0674
120.0376
194.1755
106.0036
172.7471
123.9009
66.9987
153.4657
157.2904
201.6903
85.9520
198.3191
211.6526
172.3512
159.4603
205.1094
174.9385
190.1238
180.3129
162.4971
171.3288
188.2907
62.5222
107.8923
156.2261
176.2330
169.6482
104.2280
73.1953
158.9711
166.3643
117.7214
161.9776
167.5930
185.5455
169.8942
167.2309
142.4385
96.6147
139.5956
82.5002
157.2274
223.0332
176.7341
230.9858
80.5343
137.1176
199.3636
187.7682
181.1542
97.1313
98.0190
175.3999
97.6281
123.7592
149.4291
171.8993
117.0549
185.5811
177.2992
75.9328
101.5409
87.7722
182.4770
123.8445
183.0352
169.9428
196.8408