-44
310000
66.5627
63.8727
32.7811
91.2965
24.6791
50.4832
23.2882
9.4023
31.0707
41.7093
15.5949
31.3695
32.8739
26.9683
59.9090
23.2096
26.5273
27.9252
7.6515
115.4868
21.0911
43.3295
52.1050
35.0077
60.1932
32.7390
35.0073
37.0053
89.1806
29.3599
113.0780
49.9855
45.2454
28.7462
36.8173
14.3641
17.7564
28.1660
60.5260
21.3574
79.2586
23.4211
31.2877
34.8078
58.3950
47.8685
56.1421
52.4280
66.0534
33.3679
38.8274
75.5854
69.1752
64.6824
1.8051
47.4337
25.5741
17.0441
54.2134
18.8847
80.4598
17.4264
54.7042
17.4226
74.2849
8.0470
36.6713
45.4319
73.6822
27.8094
14.3197
29.7527
53.2975
34.1251
35.7400
105.4587
27.1117
22.4274
15.6630
34.4290
31.2170
25.6601
53.8945
41.5136
53.0466
28.7988
47.4869
57.5538
12.3974
29.0251
30.2132
48.7377
52.1982
17.6054
15.6492
46.2286
46.5678
41.1152
109.4470
16.7502
40.3656
17.2859
19.6562
91.6488
41.2900
63.0925
28.3155
60.9956
36.7522
79.8957
22.9329
53.6474
35.2543
15.1069
81.7436
19.4008
25.1490
44.6295
11.1740
15.3742
20.0512
1.8408
68.8939
76.8898
62.2244
63.6884
66.2247
67.6032
25.2148
9.5972
35.7394
102.0089
39.8308
50.2724
43.4142
50.4874
20.8306
17.2479
32.0248
46.6280
30.5866
22.7101
37.0328
33.2670
1.6433
51.7097
25.3628
38.5519
30.8433
26.3563
36.4075
27.0217
50.2292
19.4795
98.4853
79.2817
38.3446
29.3347
39.4079
29.1383
72.0675
31.5945
24.1253
54.1599
39.0332
4.4550
35.5053
32.4901
39.4291
31.4586
32.6452
19.5443
85.4759
51.9500
30.7275
19.7771
39.5407
25.6829
74.0396
45.9891
5.8729
42.6277
43.7148
7.2826
41.0324
13.1919
87.2567
46.3688
70.1771
80.4514
11.0852
31.0924
70.9673
81.1396
49.3467
37.6656
33.1866
52.3825
51.3287
22.9396
23.8386
34.9024
40.0121
17.8343
65.2677
38.1054
47.7089
30.3877
5.3597
73.0172
47.2267
13.2256
39.8697
60.3210
65.4711
21.7940
78.1432
102.4536
29.9609
80.9098
50.3772
32.2012
39.5302
71.2304
24.8854
43.5968
58.2965
71.5340
34.2034
40.1131
55.9000
37.6307
25.4030
29.8173
25.7473
16.8835
37.2446
59.0688
11.3471
100.9086
6.0342
80.4634
30.2184
5.4134
35.2515
51.1059
22.7213
8.2030
67.3920
14.5537
22.5189
47.8440
39.4039
43.9340
133.1921
33.0815
49.8579
81.2509
45.2001
69.6326
4.7555
50.2461
56.2281
46.6223
34.6166
23.1898
49.5184
54.7766
15.2730
32.6885
51.8595
54.9450
43.2744
37.0106
66.2743
69.7953
48.5736
27.8982
41.6529
65.8327
35.1921
94.4837
92.9303
43.6336
56.7383
7.3912
61.8500
30.9969
8.5570
6.9140
13.4061
82.8584
74.2297
44.3763
35.4646
28.4254
43.8521
26.5484
88.4840
31.0355
56.6544
18.6352
42.7134
10.1854
21.1019
21.4161
46.2038
41.4302
20.4139
15.1367
10.3031
14.1431
72.0792
94.0515
24.2097
37.5147
35.0788
18.2614
28.7346
62.6089
2.8659
46.5248
11.5831
0.7803
4.8233
12.9728
25.7535
41.6194
44.4323
62.6642
71.6855
46.4779
8.4422
49.2165
101.8704
15.9857
7.1199
30.4947
22.1335
38.4588
39.0518
62.2337
60.1036
50.9265
21.2130
51.0696
29.6137
9.7656
39.2032
22.2807
21.7056
32.1109
45.5243
87.5848
21.7690
35.2061
50.8145
28.1242
26.2193
29.2081
29.6567
10.2018
40.9441
69.5813
42.3264
21.7852
25.6807
61.9360
45.3504
55.7932
12.0632
43.0093
18.9305
30.2756
25.1588
35.5157
50.2345
58.2584
60.3391
93.4040
43.2341
25.6620
17.0703
47.9413
34.9493
67.1780
15.8659
14.0007
30.3562
58.0911
17.5103
9.3386
63.2895
41.0503
36.1730
35.8418
41.5782
16.1619
10.6541
42.2288
6.1875
51.1005
35.6160
9.2064
15.4464
22.1563
70.8428
46.3817
30.2111
79.7821
36.2206
59.7556
6.8433
22.1878
114.3854
49.2308
47.9569
55.4608
25.5963
24.0597
76.6348
16.5384
20.2093
17.9829
68.4593
55.2362
40.7115
60.7778
8.8409
35.4478
106.6638
52.4171
83.0571
18.1248
39.5526
54.5217
39.7620
12.7219
31.5782
39.6266
39.2356
83.8557
59.4528
10.5793
9.6248
62.1214
53.3055
26.0398
63.2912
46.4479
9.7154
48.6306
25.1687
48.1181
31.7886
32.6990
33.4538
19.7519
6.7817
12.5532
72.5508
8.6344
66.0378
16.2446
33.4737
58.5031
28.4327
59.2133
60.7357
114.5715
33.3986
55.6863
25.9460
51.1127
32.4936
30.0026
44.6115
39.1149
35.2114
15.1196
11.5652
11.5648
53.5973
34.3896
71.7477
50.5396
28.5071
52.1277
38.2098
46.8164
46.9801
48.3995
43.2362
48.5003
43.2029
43.1482
18.3480
41.5723
74.1156
71.9057