66.5627          107.7474          11.2876          3.4619
63.8727          131.7123          11.1411          0.7819
32.7811          57.4664          11.0350          0.3515
91.2965          73.2796          10.4838          2.0975
24.6791          125.1302          10.7664          10.5915
50.4832          115.9829          10.7723          1.3484
23.2882          132.2697          10.4048          0.7921
9.4023          96.9716          10.1753          0.2919
31.0707          101.2552          12.9351          2.4441
41.7093          92.7222          11.0849          1.0748
15.5949          13.7026          9.2294          2.3951
31.3695          97.7542          12.4596          0.2182
32.8739          93.7020          11.9595          0.1102
26.9683          108.5406          11.6630          1.1942
59.9090          76.2119          9.0891          0.0740
23.2096          151.8184          11.8344          0.3728
26.5273          104.2264          11.5678          4.9279
27.9252          86.6640          11.0561          2.1118
7.6515          111.0191          12.1343          3.3646
115.4868          146.9224          11.5878          0.7275
21.0911          94.6074          10.8871          5.1931
43.3295          69.2074          11.9883          4.7848
52.1050          132.9616          11.0895          2.5956
35.0077          92.5480          10.7953          0.1730
60.1932          103.5208          10.4825          0.4261
32.7390          68.5865          11.2896          2.1741
35.0073          85.7716          10.3520          0.7081
37.0053          69.1631          11.1440          0.9983
89.1806          147.2831          9.8573          0.6316
29.3599          61.1293          10.6257          0.0058
113.0780          91.9577          12.2173          0.5645
49.9855          97.5770          10.9093          6.4601
45.2454          120.9224          9.8979          0.4858
28.7462          96.8731          10.0012          0.1760
36.8173          124.9596          10.7381          1.5275
14.3641          112.5674          10.9497          0.6889
17.7564          59.0449          10.9275          2.6825
28.1660          157.8874          10.5633          0.2635
60.5260          89.2134          11.3527          0.6584
21.3574          141.0181          10.4574          4.6016
79.2586          79.8486          11.5695          3.0460
23.4211          101.9134          12.3338          1.1887
31.2877          120.3537          10.9427          5.7386
34.8078          84.5687          10.2681          5.2117
58.3950          134.5968          10.3552          0.1026
47.8685          120.1331          11.0916          0.8205
56.1421          70.3283          11.4327          1.2208
52.4280          88.0355          10.7688          1.4141
66.0534          160.5752          11.5054          0.6941
33.3679          107.8201          10.9461          1.9999
38.8274          137.9633          10.6567          0.5515
75.5854          154.4415          10.5871          1.4043
69.1752          122.3389          11.3123          1.0080
64.6824          51.6226          10.9702          0.9118
1.8051          101.2517          10.8036          0.5824
47.4337          63.7139          10.9891          1.2212
25.5741          123.8848          11.9051          1.6492
17.0441          73.3481          11.0484          4.1435
54.2134          127.2906          11.9495          1.4051
18.8847          97.1148          10.3220          3.8864
80.4598          138.4575          10.8158          0.3125
17.4264          109.5152          11.8637          0.2993
54.7042          133.2627          9.9865          2.5566
17.4226          80.2509          10.8618          0.2506
74.2849          115.0069          10.5839          5.1455
8.0470          43.0649          10.6739          0.8546
36.6713          121.5303          10.7432          0.1125
45.4319          120.6745          11.5560          3.6739
73.6822          64.7945          9.0880          3.9959
27.8094          91.3823          10.6894          4.4525
14.3197          121.6498          10.6254          0.0610
29.7527          133.3653          11.4334          0.5359
53.2975          100.9613          11.6061          2.2094
34.1251          132.2794          10.8818          0.7185
35.7400          139.1892          10.3397          0.3198
105.4587          113.9329          10.8335          3.3034
27.1117          42.4611          10.7060          2.1381
22.4274          54.5269          11.0750          3.6923
15.6630          117.8465          11.5443          3.2991
34.4290          130.7597          10.3442          2.2822
31.2170          127.5081          10.9057          3.0146
25.6601          125.3090          10.5923          2.8609
53.8945          54.7225          10.7024          1.3187
41.5136          98.0391          11.0261          0.2899
53.0466          58.7838          11.0514          3.2499
28.7988          55.8194          10.8896          1.0848
47.4869          93.8374          11.6651          0.7395
57.5538          27.0919          10.8831          0.6092
12.3974          109.0840          10.6863          7.8628
29.0251          79.4190          11.8565          3.1107
30.2132          95.7024          11.6933          1.4651
48.7377          110.2074          11.4993          3.3371
52.1982          129.8887          12.7574          2.5760
17.6054          71.1136          11.8602          0.1202
15.6492          130.4833          11.2716          0.9802
46.2286          109.4855          10.2059          1.8285
46.5678          118.5013          10.3174          0.2382
41.1152          146.9116          11.4541          0.7596
109.4470          38.9355          11.5718          1.8739
16.7502          96.1694          11.0727          0.2067
40.3656          68.0859          11.7165          0.5779
17.2859          95.4939          10.8677          1.6544
19.6562          85.8825          11.0533          0.6656
91.6488          100.0595          11.5447          0.1099
41.2900          99.5898          10.3371          3.2242
63.0925          115.0356          10.9510          1.4954
28.3155          106.4712          10.4678          5.4683
60.9956          150.5179          11.8164          0.5536
36.7522          131.1194          11.3993          0.4687
79.8957          87.3906          11.6421          0.0366
22.9329          74.8070          11.2467          0.5032
53.6474          110.9543          12.0528          2.6326
35.2543          70.4946          11.8361          1.1960
15.1069          111.1484          11.4493          3.3274
81.7436          93.5969          11.3459          0.6466
19.4008          137.9501          10.4740          0.5882
25.1490          113.2879          11.6025          0.7549
44.6295          96.1188          10.6691          0.6514
11.1740          172.6316          10.5006          3.5454
15.3742          152.2474          11.1878          1.5727
20.0512          26.2810          10.9824          1.5850
1.8408          138.2571          10.7766          0.6497
68.8939          80.4949          10.6350          1.6745
76.8898          71.6719          11.3825          2.8295
62.2244          178.5312          10.5876          0.9682
63.6884          52.7544          11.2830          0.0156
66.2247          103.3763          10.8627          0.8724
67.6032          78.6776          11.0351          0.7960
25.2148          90.0656          11.3972          0.6432
9.5972          117.9178          10.6058          3.5646
35.7394          86.9219          11.0044          0.6646
102.0089          34.6155          12.0988          4.2433
39.8308          101.4084          11.0537          3.8573
50.2724          107.4636          10.6548          0.6922
43.4142          46.9194          11.0762          2.4090
50.4874          33.6921          12.5241          0.0665
20.8306          81.2213          10.9131          1.1616
17.2479          74.4622          10.5739          3.3496
32.0248          54.1362          11.0313          1.9971
46.6280          83.5928          10.7885          0.5344
30.5866          90.5001          10.5901          1.9362
22.7101          119.0132          11.4433          3.2872
37.0328          71.5128          11.0587          0.6765
33.2670          110.4109          10.8918          6.8494
1.6433          112.8963          10.8958          2.5152
51.7097          75.2613          9.0193          0.4322
25.3628          107.2585          11.2930          1.6468
38.5519          111.7146          11.3144          5.5654
30.8433          91.6953          10.6708          0.3855
26.3563          93.3879          10.9431          1.5815
36.4075          163.4663          11.2673          2.4269
27.0217          124.0719          10.9555          0.2401
50.2292          117.4409          10.3619          0.4201
19.4795          83.4806          9.2577          0.8618
98.4853          88.9319          10.6597          1.7165
79.2817          102.5715          11.1912          2.4680
38.3446          69.2291          11.3149          0.1578
29.3347          -8.8150          10.0271          0.2670
39.4079          55.7408          10.9046          0.4033
29.1383          105.9737          11.3677          1.3648
72.0675          104.1910          9.5408          0.5320
31.5945          90.7257          10.8976          0.9503
24.1253          168.7994          10.9112          0.9235
54.1599          134.7240          10.1901          0.0373
39.0332          100.2214          10.8776          2.4757
4.4550          89.6867          10.9461          1.9847
35.5053          62.1380          10.8845          4.5045
32.4901          100.4620          11.1167          1.9144
39.4291          122.2990          11.5803          2.2784
31.4586          102.2778          10.9058          9.4306
32.6452          134.0281          8.6739          0.6214
19.5443          120.1769          11.7006          0.7409
85.4759          106.2200          11.2943          0.9629
51.9500          149.2062          9.7091          0.0832
30.7275          142.8270          10.6014          0.0835
19.7771          45.1412          11.1030          6.4062
39.5407          132.3133          10.5657          0.7447
25.6829          17.1068          12.7180          6.7483
74.0396          153.5275          11.3239          1.3088
45.9891          102.9103          11.0085          0.6422
5.8729          99.2152          10.7975          2.4723
42.6277          88.7414          10.3138          0.4899
43.7148          106.2127          11.3387          2.9171
7.2826          81.8259          11.5638          1.5730
41.0324          51.1942          10.9754          2.1701
13.1919          131.2388          11.2630          0.3445
87.2567          152.7894          12.1385          0.3909
46.3688          105.1371          11.0981          0.4417
70.1771          118.1982          10.6355          0.8046
80.4514          77.6424          10.3607          1.1527
11.0852          97.8326          11.2385          4.4277
31.0924          75.2879          9.9585          1.6099
70.9673          78.3895          12.7052          0.2963
81.1396          83.8802          10.1315          0.1653
49.3467          136.0059          9.6235          0.9047
37.6656          98.0746          10.6429          0.8950
33.1866          99.6120          11.0309          5.3090
52.3825          99.8709          10.7557          1.4319
51.3287          70.7649          10.7331          1.1381
22.9396          167.1995          11.3942          0.0246
23.8386          92.4324          9.2242          1.1523
34.9024          89.2919          10.7165          0.0676
40.0121          84.9851          10.8349          1.7081
17.8343          118.8871          8.4907          1.4105
65.2677          112.8309          10.8539          1.6618
38.1054          87.3033          11.2509          1.1734
47.7089          95.5655          10.5458          7.5207
30.3877          115.0404          11.1502          1.5767
5.3597          118.8137          11.0941          0.7123
73.0172          114.4780          11.4353          3.4182
47.2267          100.4847          11.2460          0.9556
13.2256          101.2625          12.1778          0.9231
39.8697          25.0354          10.6693          0.7673
60.3210          122.8068          10.8680          2.2415
65.4711          89.0006          11.7605          3.3994
21.7940          85.9777          10.8439          0.3980
78.1432          92.4037          10.2573          1.5910
102.4536          86.2672          11.1933          10.1717
29.9609          84.2437          10.4549          2.4469
80.9098          173.6756          10.1173          0.6340
50.3772          83.5520          12.7498          0.5983
32.2012          125.5853          10.7936          4.0182
39.5302          101.6853          11.2496          5.8719
71.2304          98.5150          9.8246          0.5067
24.8854          145.5216          11.0982          1.2521
43.5968          58.6821          10.5087          2.4055
58.2965          105.0674          10.4794          6.5706
71.5340          123.1354          10.9638          2.9406
34.2034          138.7966          11.4789          2.4378
40.1131          114.2430          9.9391          0.6225
55.9000          79.1067          11.1999          3.6324
37.6307          93.6032          10.5179          0.4359
25.4030          116.4998          10.5232          1.2401
29.8173          96.0661          11.3172          0.1057
25.7473          79.1256          10.6123          9.0578
16.8835          106.0918          11.5285          0.9510
37.2446          93.2036          11.4297          3.3719
59.0688          160.4758          9.1639          1.9888
11.3471          156.7123          11.0980          0.0819
100.9086          110.0429          11.8424          3.5322
6.0342          102.4451          11.3289          0.1534
80.4634          76.4863          11.0970          0.1861
30.2184          155.4661          11.7436          3.3117
5.4134          120.9753          10.7821          0.8441
35.2515          57.0892          9.8201          1.3177
51.1059          42.8065          9.8467          2.3479
22.7213          86.7564          11.5764          1.8264
8.2030          109.2979          11.0039          0.2741
67.3920          116.1646          10.7527          0.6036
14.5537          122.8988          11.4734          0.6827
22.5189          43.8306          11.6750          0.4420
47.8440          69.2781          10.5163          1.3536
39.4039          88.5093          10.6159          1.5738
43.9340          192.3965          10.8842          0.4915
133.1921          181.2174          11.1397          0.6389
33.0815          156.2113          10.9053          1.3606
49.8579          48.7332          11.7412          0.0453
81.2509          124.1502          11.2714          2.0670
45.2001          84.5421          10.2220          0.1379
69.6326          113.0118          11.4669          0.2678
4.7555          -9.0572          11.5593          0.7227
50.2461          115.4575          11.3598          1.9222
56.2281          126.4155          12.2819          1.7260
46.6223          131.9393          10.9155          4.7502
34.6166          114.6773          10.1561          0.7947
23.1898          75.5278          10.1230          0.7092
49.5184          98.4462          10.3672          2.1040
54.7766          81.6625          11.3624          11.5837
15.2730          75.0252          11.1525          0.8901
32.6885          74.6434          11.3464          0.2199
51.8595          84.9294          9.8697          1.9880
54.9450          102.0827          12.8017          0.3947
43.2744          128.6591          12.2016          0.8728
37.0106          65.7037          11.2207          2.7796
66.2743          104.0685          12.5884          1.4688
69.7953          101.8126          12.7557          0.8159
48.5736          148.5904          10.9572          2.8483
27.8982          144.0445          11.6447          1.1343
41.6529          137.5858          10.8991          3.3379
65.8327          124.7092          10.6481          0.6032
35.1921          111.5737          11.4175          0.0762
94.4837          114.1213          11.0918          1.9224
92.9303          124.9540          11.1886          1.0074
43.6336          78.9457          10.8116          5.5112
56.7383          117.4184          11.3174          1.2132
7.3912          232.0116          10.9145          0.4318
61.8500          102.8351          10.6712          0.5640
30.9969          121.4691          10.0647          1.9036
8.5570          114.2081          11.7643          5.7369
6.9140          102.5267          11.1453          6.3858
13.4061          33.5742          10.9412          3.0280
82.8584          89.4571          10.5296          0.7738
74.2297          81.8669          8.7527          0.1520
44.3763          93.1766          10.4065          2.2272
35.4646          100.5612          11.7299          0.1718
28.4254          42.7775          11.1007          2.1075
43.8521          76.0058          12.1720          1.1562
26.5484          45.0726          10.9587          0.3676
88.4840          148.7883          11.0182          1.0256
31.0355          108.0884          11.3497          5.8903
56.6544          151.9806          12.4306          0.0037
18.6352          79.6552          11.5800          0.6063
42.7134          95.4083          9.7840          1.8228
10.1854          97.9916          11.2354          0.5238
21.1019          78.4810          11.0320          0.4146
21.4161          57.3067          10.8209          1.0933
46.2038          76.4827          9.7980          1.2650
41.4302          96.1997          10.0701          1.3625
20.4139          108.6818          9.0310          3.0735
15.1367          158.2853          10.6304          1.2159
10.3031          113.0744          11.1744          0.2293
14.1431          94.6100          10.9226          0.4865
72.0792          128.2543          11.2781          5.8769
94.0515          106.0488          9.8366          2.3594
24.2097          74.5793          10.4024          2.7073
37.5147          33.3615          10.9407          0.4445
35.0788          111.5372          10.6938          3.5662
18.2614          92.2391          11.5947          0.9736
28.7346          116.6346          10.2489          2.3567
62.6089          90.3779          10.5155          0.2162
2.8659          131.0154          11.1946          2.3420
46.5248          47.4934          10.1082          0.8013
11.5831          65.6825          10.4688          1.0538
0.7803          87.7809          11.3151          0.6202
4.8233          68.9448          11.0287          1.1573
12.9728          140.7333          9.8160          5.3376
25.7535          114.9929          10.4824          2.6139
41.6194          170.8614          11.0508          2.4103
44.4323          52.3734          10.9336          0.0555
62.6642          42.2874          10.8565          0.4302
71.6855          117.1274          11.1507          3.0811
46.4779          134.8929          10.4074          0.8046
8.4422          138.2504          10.0207          0.2669
49.2165          125.5646          11.1581          0.9827
101.8704          29.5735          11.0905          0.5741
15.9857          8.6088          12.3211          4.2948
7.1199          178.8213          11.4781          6.0310
30.4947          61.2890          10.0617          0.8810
22.1335          111.9250          11.1089          3.3557
38.4588          81.0162          11.7344          9.0664
39.0518          84.4050          8.7696          0.6395
62.2337          167.4602          11.2028          2.4418
60.1036          137.1285          11.1184          0.1994
50.9265          73.3799          10.9858          1.0178
21.2130          95.3265          11.7423          4.3307
51.0696          128.1212          11.7367          0.9202
29.6137          90.5814          12.0805          0.9663
9.7656          158.6303          11.6634          0.9873
39.2032          43.6914          10.2757          0.2046
22.2807          94.9695          10.8004          0.6375
21.7056          139.0884          10.6408          4.4987
32.1109          153.7503          10.1508          2.7114
45.5243          157.8935          10.6301          0.1089
87.5848          83.9756          10.8105          0.1773
21.7690          141.1499          11.4017          1.2532
35.2061          70.8562          10.4932          4.3857
50.8145          53.1733          10.7054          4.7094
28.1242          50.4873          11.9781          0.6740
26.2193          134.8501          11.8143          3.8145
29.2081          92.1052          11.8332          0.1907
29.6567          109.1928          11.7939          0.3316
10.2018          69.2800          9.4803          0.1030
40.9441          36.9759          11.2146          0.1085
69.5813          63.3054          11.8481          2.9008
42.3264          146.3379          11.0562          2.3339
21.7852          155.9565          11.4796          2.1624
25.6807          116.2030          10.6891          0.8389
61.9360          53.2595          8.9756          0.7229
45.3504          76.1974          9.6987          0.8594
55.7932          108.9712          10.8016          1.2092
12.0632          147.4554          10.9011          4.9382
43.0093          189.8854          10.9222          0.0082
18.9305          81.4359          11.0079          0.0362
30.2756          128.2413          10.5128          1.4603
25.1588          28.1729          11.0728          0.8017
35.5157          113.4358          11.1247          7.7268
50.2345          113.6364          11.0518          1.7167
58.2584          96.1684          10.4788          2.0490
60.3391          82.4122          10.7260          0.3727
93.4040          76.2639          10.8275          0.2837
43.2341          86.2535          11.2832          0.5760
25.6620          141.1738          9.8390          0.5193
17.0703          91.5908          10.8866          1.7705
47.9413          133.3946          10.7732          1.7439
34.9493          124.1749          11.4637          0.3273
67.1780          107.1532          11.2226          0.4233
15.8659          164.3580          12.2075          2.1651
14.0007          119.7310          11.0358          0.2725
30.3562          96.5254          8.7785          0.1063
58.0911          63.0774          9.9611          0.0404
17.5103          13.7534          8.7901          2.6511
9.3386          56.9597          11.8759          1.9656
63.2895          173.8899          9.2707          2.4305
41.0503          79.7827          10.3104          1.6112
36.1730          86.3480          11.3287          0.3345
35.8418          83.1026          10.4350          0.9656
41.5782          96.0557          10.4046          0.5269
16.1619          112.5732          10.7264          0.3170
10.6541          151.4693          10.9903          0.1853
42.2288          67.1667          10.6013          5.1104
6.1875          110.1701          11.1923          1.0717
51.1005          71.6330          11.2994          0.5791
35.6160          156.1549          11.4789          0.8307
9.2064          121.0958          11.8307          2.6769
15.4464          119.8650          10.7771          4.3826
22.1563          82.9697          12.0734          1.9474
70.8428          46.1483          12.1106          0.7905
46.3817          71.3008          11.2075          4.4470
30.2111          73.3909          11.0067          1.6960
79.7821          103.1770          11.5914          2.0710
36.2206          68.0889          11.0958          2.1311
59.7556          132.0770          10.6564          1.6777
6.8433          91.8071          11.2567          4.0570
22.1878          53.3364          10.8277          1.4482
114.3854          100.1406          12.1824          6.3746
49.2308          174.2251          11.1605          5.4900
47.9569          66.9286          10.7581          1.1260
55.4608          95.6783          10.8643          0.5917
25.5963          136.6703          12.1577          4.8834
24.0597          148.0081          11.0277          5.6463
76.6348          124.9089          10.2464          1.5486
16.5384          79.3698          11.3176          3.2714
20.2093          102.9515          11.4897          1.9168
17.9829          128.2384          11.0600          4.1271
68.4593          67.2139          10.3622          1.0060
55.2362          159.2483          9.6260          2.1482
40.7115          63.8184          11.4599          2.7249
60.7778          136.0641          11.4640          3.5655
8.8409          92.2636          9.6330          4.0845
35.4478          77.4346          10.9854          3.2540
106.6638          67.6621          10.2776          0.3290
52.4171          62.9708          10.5977          1.1501
83.0571          148.4462          12.1656          1.4196
18.1248          173.0505          11.5659          5.2594
39.5526          74.4004          10.7755          3.8606
54.5217          137.6286          10.6570          1.0378
39.7620          129.6882          10.0072          3.5804
12.7219          102.5831          11.1902          0.2913
31.5782          81.1175          10.6157          1.5916
39.6266          85.0473          10.5864          3.6429
39.2356          123.1372          9.7186          0.5815
83.8557          132.4817          10.2148          2.1391
59.4528          87.5217          12.0118          0.2010
10.5793          79.1491          10.6704          0.8685
9.6248          113.3254          9.8427          0.2274
62.1214          28.4138          13.2635          0.6732
53.3055          77.1224          11.7696          2.0965
26.0398          125.1874          12.1362          0.9684
63.2912          92.5017          13.2760          2.1952
46.4479          139.6139          12.6889          1.5092
9.7154          109.4145          10.7526          0.8318
48.6306          32.6463          12.2813          0.7146
25.1687          97.8117          11.7818          0.2205
48.1181          123.7238          11.6109          2.4411
31.7886          67.8880          11.1204          2.3408
32.6990          59.0773          11.0440          0.3643
33.4538          144.0527          10.0717          2.9645
19.7519          115.1551          11.1571          1.2413
6.7817          57.1406          11.2820          0.3980
12.5532          160.8546          11.8610          0.6462
72.5508          70.6730          11.0180          0.7115
8.6344          127.7056          12.6744          1.3076
66.0378          120.1487          11.5236          2.0982
16.2446          86.3304          11.5304          3.3332
33.4737          76.4823          10.7088          0.7668
58.5031          78.8299          10.8940          0.7203
28.4327          147.2629          9.9653          1.1290
59.2133          162.8394          11.0923          0.5377
60.7357          129.0420          10.1649          4.2279
114.5715          100.4438          9.2587          1.6720
33.3986          93.1278          10.4860          1.0739
55.6863          93.8119          11.1718          0.6709
25.9460          106.0046          13.0795          3.5004
51.1127          154.4267          9.0471          0.1963
32.4936          84.9653          10.8537          1.1953
30.0026          150.4799          11.0701          2.1428
44.6115          -28.0964          9.8886          2.4154
39.1149          69.3568          13.3182          1.7551
35.2114          114.3177          11.7315          2.8025
15.1196          188.5492          10.8933          2.9539
11.5652          161.9890          11.9926          6.5083
11.5648          56.9202          12.1533          4.6331
53.5973          153.7245          9.8259          0.6176
34.3896          97.7897          11.0364          0.4342
71.7477          54.3501          10.6053          1.6592
50.5396          149.4370          10.6147          0.3805
28.5071          53.7814          12.0592          0.2085
52.1277          120.7949          10.6065          1.8623
38.2098          111.5355          10.3259          0.4677
46.8164          119.0418          10.8229          0.4523
46.9801          36.5251          10.5702          1.4862
48.3995          105.0905          10.3732          1.0061
43.2362          124.5143          10.5183          3.1377
48.5003          127.1713          11.3652          4.9329
43.2029          121.8221          11.3295          0.3328
43.1482          107.0440          12.1944          0.6351
18.3480          170.1119          10.1337          3.9664
41.5723          125.0200          10.7113          3.6017
74.1156          125.1409          10.9229          0.5580
71.9057          131.6444          11.4033          1.2943