-1640.249  1868.881  4317.979  2542.649  3287.268 -2107.198  746.5918  524.2265
-1765.464  6559.084  2303.821  1013.208  7770.677 -280.0424  6830.579  5924.479
1033.373  1230.632  2024.721  2292.288  2649.814  1989.195  520.6768 -200.5399
-1354.815  2605.538  1085.824  350.2883 -2335.021  2934.672  894.2884  1228.088
2652.682  1948.548 -836.1646  584.2085 -1579.213  713.0298 -2336.714 -27.6894
1277.476  10146.01 -467.0332  1915.862  6089.951  73.8231  4737.815  3275.481
6394.317 -267.1268  271.0026  344.3418  2561.593 -915.2158 -909.5194  2885.896
2118.784  2412.932  5905.67 -638.5365  914.5618  634.9055 -1507.311  705.0533
1544.888 -1206.546 -233.511 -749.5445  1267.677  3447.114 -1613.465 -3406.655
-2119.465 -1274.325  2382.59  969.4066  5862.141  1567.049  1168.624  2442.433
405.1135 -1809.834 -152.2118  3757.974  5258.225  513.6789 -1087.885  3579.899
1293.921  3985.446 -1701.185  8702.833  1349.659  1590.865  2225.349  4028.161
83.6748 -855.4885 -2189.369 -87.883 -536.0241  1370.17 -1795.109 -1229.072
-606.377  899.6761  4478.793  285.4375 -1757.044  1123.799 -62.6292  678.6454
1901.042  5902.788 -12.4136 -968.5564  429.3752  4914.861  3075.557 -475.8899
722.7338 -1277.614  10195.19  4213.228  234.0063  2527.918  1426.962  494.7131
2403.961  3960.998 -93.9021 -2154.777  266.6382 -192.48  195.4063  1766.679
3458.842 -2254.257  2191.927  1546.299  1638.437  2456.695  2289.516  4166.215
-617.9456  3975.786  128.7876  3811.833  606.1069 -1958.882  120.7864  6386.343
-2065.876  2281.063  607.8743 -1118.623 -1423.107 -151.5282 -802.062 -2293.057
-620.5376 -2203.113 -1926.766  2065.766 -1603.991  1446.332  310.442 -1150.18
-25.5578  3850.148 -2279.395  124.8914  1698.36  1930.256  12653.33  1795.762
5488.391  4482.553 -290.2184  11573.46 -1368.479  1139.928  318.5787  1312.729
-3946.743  698.9649  520.4735 -769.949  7137.543  9885.835 -2691.078  555.814
2173.99  5293.972 -1123.673  520.3971  1307.905  4851.802  1252.617  1433.802