88.1312
86.9279
101.2419
90.0584
113.0210
81.3453
100.2478
93.9063
79.4754
101.7904
56.3164
84.8871
107.4546
87.7258
106.6159
67.8826
108.7443
91.4736
99.8520
77.9630
145.5799
97.7202
98.4176
108.1829
135.0583
80.9623
117.1921
97.1769
145.6121
118.2446
99.7455
111.1358
91.8790
88.9141
99.0660
95.8272
113.1024
108.9758
92.2875
122.7416
95.7223
80.5856
87.7044
107.0313
99.5029
118.8289
85.6235
129.4139
138.9067
69.1607
127.4931
56.8284
108.7235
129.6860
106.5679
91.8355
112.4783
107.7087
88.6284
93.1744
117.4475
123.9175
89.3152
92.1087
122.1323
110.5868
116.0223
102.4575
84.4070
89.3209
106.8586
106.6803
92.2019
119.1964
76.9452
80.7029
99.5411
59.4892
90.1935
103.1614
77.2367
90.0482
91.1856
119.3326
118.8096
113.2192
85.2831
144.0859
73.6385
130.1138
78.8250
149.2861
80.0110
107.4276
116.6614
103.9500
122.2404
137.0396
110.1282
90.4850
74.3643
74.3170
100.3321
114.8066
94.7851
78.0290
98.6152
107.6339
110.3067
98.7240
119.6359
85.1915
93.6858
109.6297
107.7599
101.0428
164.1051
135.2435
98.0565
125.9709
98.1172
100.3903
109.9979
85.1920
96.9966
99.0318
114.6019
106.4657
90.5822
91.0986
87.9252
98.6955
62.2910
107.8399
110.0552
89.2672
98.0214
132.6147
101.6389
102.8934
92.8856
118.5036
122.4676
104.7353
127.9588
103.1127
106.0894
79.4141
96.3662
79.6623
72.5481
89.0288
111.3562
76.8738
102.9614
106.1549
86.9318
115.8122
67.6267
74.6087
79.0348
115.9622
96.4441
127.2320
92.2521
65.3301
99.8113
74.5532
124.6004
95.1265
121.0723
53.3319
130.7529
111.5261
102.2667
111.1391
126.7107
71.6914
117.0577
130.9945
68.1375
95.9884
97.2548
86.0553
81.7079
116.7798
111.0232
92.5319
95.7215
137.4840
103.9777
48.3997
85.3499
76.3325
125.0644
108.7427
74.7416
122.3156
116.8136
139.0851
99.6207
125.8109
90.2252
114.2561
72.7631
118.9512
71.7266
61.9102
97.6150
78.2900
104.9154
85.7690
101.4850
93.2393
98.1683
112.7308
107.1286
118.1100
96.6393
86.9021
128.9161
97.9174
92.2607
112.0560
95.1935
121.3438
85.2047
127.5983
65.1951
86.4074
69.4864
104.6050
101.2024
75.2793
75.7198
84.0005
108.7258
119.6695
114.2716
93.9951
105.4634
95.6017
84.9578
102.1774
83.1670
76.5859
107.0938
107.6402
91.0716
112.0600
92.2393
116.4324
42.3728
110.1082
97.2393
67.0582
97.5867
89.8850
118.4255
137.5163
105.7559
117.9918
90.9931
100.9312
110.2960
133.9654
115.8932
94.7807
113.4381
97.1876
136.6221
161.2577
94.2824
91.5301
112.9457
99.5234
76.4512
90.7107
66.8615
112.7644
129.8669
91.8653
95.1010
71.5187
68.8883
77.6258
61.0627
78.9865
75.6218
101.7299
124.2045
88.6761
139.3527
111.5787
83.4437
84.2042
81.3199
107.1411
82.8728
153.0013
104.8464
92.9989
78.3601
99.8858
113.8760
75.3471
60.3943
121.2139
66.0112
76.8945
92.2596
108.2188
104.7896
113.0222
122.5951
121.0406
111.6039
86.2239
91.1737
104.0736
71.2660
93.6593
98.4921
98.0128
143.2777
106.1562
124.7014
61.8172
103.8558
106.3236
101.4437
91.1130
109.3323
90.9181
117.4593
124.2099
106.7736
110.4060
115.5567
102.7938
96.7164
83.2877
115.0187
134.1817
126.7110
88.0203
92.5481
100.6497
117.0074
101.1444
108.8664
89.8758
145.6051
96.4051
97.1387
85.3136
83.3353
110.6048
80.2839
83.0212
138.1792
107.0218
89.6688
92.4932
109.0715
71.2275
103.9522
103.3093
124.3688
119.6922
102.5830
107.6014
97.5950
112.9391
77.8693
69.3635
128.4479
102.4429
115.8281
72.6244
91.5109
98.3936
97.2845
108.6463
97.4542
68.7210
100.3402
98.8099
124.7626
108.0948
93.1801
121.0589
123.9789
108.9656
92.9563
108.9186
97.9549
93.6835
77.6536
90.8984