3424
3448
3729
1265
4378
465
2659
3199
3860
3304
3984
182
694
1293
4357
283
730
3966
654
2120
747
437
3344
1169
559
1199
896
4975
4714
2579
3239
4420
3258
4395
3610
6048
6174
4176
2270
4794
4651
4794
4651
5665
5454
5830
1625
3599
4060
1670
4595
5620
2428
3735
5600
677
7881
3385
5572
3702
2998
1433
326
1320
800
1967
2108
1679
1884
942
5527
5250
2057
5944
6815
3619
6302
2540
6617
2387
2575
5613
2723
2267
4770
2906
3062
571
1287
1898
1409
1111
707
4133
2411
5257
6610
691
711
5950
94
2977
119
6200
2324
786
1329
2554
499
724
2340
588
588
3187
5264
6244
1567
915
2099
1157
194
1805
606
1031
1077
1644
1893
7325
512
2084
3226
1323
1021
4320
7209
3032
1551
4882
5560
3415
2415
4391
2503
2560
2560
4391
5000
2302
1479
2410
2579
1021
4175
3690
3290
3492
101
2733
2306
7476
2982
6088
4848
3269
4614
5794
5662
7090
7441
3371
2367
1307
8204
137
1730
4927
2537
2159
5566
1021
1272
1575
6693
3907
2154
6984
7190
6395
6829
3604
3518
4172
3454
4985
3101
3208