3075
1193
3555
1973
1821
121
1412
1831
2897
4468
3555
4250
1274
2515
2010
68
1997
2449
447
874
1531
3409
1920
768
2643
27
397
3203
1003
1699
4015
4008
2073
2035
2472
4121
1188
1963
3847
2678
3954
3377
2472
3039
3941
2874
1467
1061
4032
965
1460
2600
3975
690
867
2785
2785
3600
4750
918
2203
4465
1004
3855
3189
843
4995
1942
3587
2189
4378
1963
4321
4943
2937
1500
1206
1206
619
5822
6603
657
854
2846
1427
2668
220
800
179
1030
1067
626
302
2577
822
556
373
541
608
324
703
550
53
1356
719
4890
2467
4733
2709
890
3411
837
1513
768
854
353
855
703
282
627
431
214
1848
975
5975
354
3074
4897
359
1246
343
621
1075
2534
4809
551
5197
2385
502
1640
479
1814
704
203
2348
911
871
870
498
71
4584
4559
591
2204
740
1151
1011
455
5064
2825
2733
199
2733
2602
601
5305
4709
4541
