1341
2181
2181
2215
2207
1427
2181
2181
1795
3199
2399
2399
2199
2199
1389
3255
1470
1277
1936
2939
1710
4746
3777
727
1484
197
3402
1686
2561
787
490
66
1593
165
1213
2437
3912
798
2284
3022
1546
1444
2838
4329
2375
3057
2407
2284
3022
1243
2871
3540
2593
3063
3063
2070
2424
2361
2811
2967
173
2257
2741
2804
8348
2753
2435
2363
1562
2169
3796
1409
2806
1020
60
9151
253
111
199
2793
3273
1615
2561
2368
1410
5261
3989
1663
3795
1074
291
2372
594
3864
2607
4250
1792
3864
3665
2675
5011
2549
439
2578
3437
1938
2539
2514
3195
1579
3572
3164
2786
1190
4976
170
787
103
1670
3411
3182
4976
3299
149
2863
3673
2642
1457
5717
103
3230
3202
2060
1296
1284
