6,7569 4,4438
6,6100 7,1565
4,6864 4,4391
6,5975 6,2748
3,4800 2,3205
2,5586 4,8916
6,1143 10,3247
4,6067 1,9256
4,7582 5,1258
3,5120 4,9534
6,2871 5,4487
6,0636 6,6841
4,7476 3,9152
7,2306 9,6584
2,0075 1,6282
7,4046 8,0196
3,9187 5,9793
4,6656 8,1074
6,8187 7,1916
4,5058 4,7799
2,6506 2,9170
4,4808 6,0713
4,5867 3,5217
6,5649 9,1867
2,6254 0,8623
3,6459 3,2724
4,3300 7,3514
2,8132 3,5125
5,4716 5,2428
0,3421 0,0898
2,3550 1,3072
3,3044 1,5539
2,3597 4,1765
4,0054 7,3988
6,9729 6,6370
7,9867 13,0932
5,4468 4,6145
1,0228 3,5678
5,7251 3,7789
6,0889 10,1405
6,1797 5,2374
4,8795 7,6856
4,2966 7,3052
1,0686 -0,8674
2,6740 7,2866
3,3335 2,4789
6,4809 6,6336
6,8042 6,9162
6,4909 8,4014
3,8084 5,0925
6,0670 9,2142
3,9558 4,5702
4,7351 5,7741
3,2808 2,1362
3,8400 -0,0606
4,5031 4,6665
3,4127 2,7058
4,1619 3,2615
3,2150 3,4299
6,2458 2,7476
9,5087 12,4987
8,7913 12,6384
-0,0197 -1,3498
2,8700 -0,3572
3,0126 4,8348
6,9155 7,2092
5,6985 4,0071
6,8360 6,9211
3,8344 2,7609
3,7059 3,7932
6,3443 9,8810
8,6401 9,7596
6,7103 5,9617
7,5962 9,6691
4,0654 6,6055
0,9734 4,0774
7,6388 7,6369
9,2320 10,7411
3,4643 5,0813
4,8638 5,6347
4,2478 2,2552
2,5996 5,3280
7,3153 5,8372
3,2916 -1,9843
4,6791 7,2394
6,0581 7,9935
8,9850 8,5750
4,4306 3,1361
8,8040 9,1287
7,3701 9,4249
3,7154 3,7756
1,4939 1,0765
4,2860 6,7456
1,6150 0,3927
4,2491 4,1578
9,5826 10,8365
6,1211 7,3277
7,6584 9,7144
5,9142 3,0088
5,1124 7,5122
1,2669 3,6227
2,9441 1,3666
4,5375 3,5194
5,2410 6,5207
4,8015 4,5484
5,6381 8,6307
5,0918 6,3053
4,1025 7,5858
5,4936 5,1846
2,5101 2,2382
7,1239 7,3735
6,4587 6,9114
7,2056 5,4483
5,6668 10,7665
3,9850 1,4978
3,8588 8,3896
8,2019 8,9665
4,3783 4,8806
-0,1596 -0,1041
3,4345 4,2097
3,8378 8,1326
2,6889 7,0603
5,6183 9,2997
6,7785 5,5595
5,6721 8,3993
3,6856 3,4020
6,0304 6,7936
6,4972 9,5026
6,0641 3,6013
4,2005 7,1137
1,7046 2,3852
4,2674 7,0429
6,8711 10,7452
3,8836 0,6680
3,6064 2,0167
1,8042 -0,0971
6,0878 7,1796
0,3147 -2,1659
2,5754 7,0739
6,8329 8,1901
3,6001 1,5454
6,1718 5,0693
4,2892 8,6509
7,1864 11,6675
4,4121 2,3547
6,3569 8,2416
3,3801 5,5256
0,1484 1,1012
2,2293 0,0177
7,9976 4,2019
2,5913 1,6502
5,5809 2,7331
3,8381 5,5282
5,2737 5,7688
5,2522 5,5579
1,8915 3,0960
8,8506 11,3069
7,2891 8,9835
7,0547 8,8605
6,5683 6,7280
4,1374 3,0748
3,2734 1,0494
2,4325 1,5807
7,4891 7,6660
7,5195 9,8424
5,0119 4,1598
2,7163 0,3767
4,1606 4,2214
6,7402 6,1121
5,8890 6,6628
5,0418 10,4812
5,6886 7,0701
2,7948 1,7331
3,4825 1,8152
5,8962 3,5180
3,1140 1,6143
3,5771 5,4018
5,7998 8,7850
1,7805 2,5072
1,9179 1,5025
3,3719 3,9180
4,1064 2,9195
3,9736 5,8089
5,2821 6,8901
4,2905 4,9771
7,7448 10,9831
5,3860 6,3209
1,4424 5,0668
6,7165 8,8111
4,6115 7,0529
7,2325 6,2829
5,2950 8,0520
1,8075 0,9124
6,4126 10,7379
4,5910 3,5195
8,3117 9,1698
6,2060 8,0920
7,3445 5,8741
3,2009 4,6767
4,9751 8,0213
3,8242 8,6762
4,8913 5,1562
4,2868 8,0407
2,9455 5,8819
6,8551 6,9659
3,7286 4,0494
9,0595 10,8913
4,2851 4,1420
-0,2491 2,0826
6,4908 7,8931
5,2912 9,8934
4,4448 7,8807
7,9213 9,6293
6,4825 2,0781
6,8497 4,4756
3,7614 4,1911
3,0291 4,2316
3,2919 1,9354
4,9048 3,5288
3,6681 5,1985
6,6688 4,0064
5,9070 7,2699
2,0229 3,3731
7,4180 5,9066
5,3611 7,2300
5,4885 4,4726
7,0736 8,4546
5,5033 6,4490
1,7286 1,8699
6,3756 6,9449
6,6056 8,5589
7,3416 7,2136
7,3732 8,6471
5,2262 5,5222
5,3751 5,0108
-0,3026 0,2246
2,4598 3,2842
6,2491 7,3238
6,1324 9,6104
4,1656 1,7632
5,0471 6,0584
6,5413 6,5560
5,9878 9,8685
3,2325 2,7861
2,4575 5,8259
6,1848 8,7489
3,0878 5,8231
3,4870 6,1314
5,3678 5,8677
5,7174 6,9389
3,9143 4,4410
4,8088 5,9484
7,2896 7,4536
5,7854 4,8105
0,4126 2,6221
6,7213 7,5548
6,9459 6,8013
5,0367 8,0548
4,9309 8,3098
2,9942 0,7908
7,0889 10,0627
6,1175 3,9652
5,3286 5,3522
2,3198 4,4608
5,6888 3,6947
3,5790 3,3407
3,9843 7,2128
2,0812 6,2570
0,7856 4,8749
6,5860 5,8066
5,3358 4,4614
3,7726 2,4672
6,9141 6,6966
5,5415 7,6382
5,8563 6,6197
7,5601 9,8344
6,9724 9,5241
7,5063 5,3062
2,3638 4,3665
2,9475 3,0448
6,2466 8,4100
6,2707 7,2888
3,9201 6,7466
5,8906 7,9357
3,3386 4,1090
5,6565 10,0561
5,0354 6,9577
5,5208 5,4891
1,6339 -0,2267
5,2299 4,0667
5,8783 8,5291
3,2864 -0,3010
4,2993 2,5956
5,4409 4,5727
4,4281 -1,6539
9,0524 9,6851
6,6875 10,0682
3,1304 2,3644
8,4815 10,5984
4,9438 8,1040
7,2121 5,3591
6,8035 7,4227
4,8609 4,5912
5,3406 7,2859
3,9257 5,9352
4,6612 6,1581
8,3931 14,4848
3,4478 5,2176
4,9737 2,8093
3,6228 5,2532
5,4765 7,9100
1,1351 -1,9074
1,3298 1,4226
3,5191 5,6539
0,6174 4,3932
2,8419 2,8374
3,3628 4,5940
2,7018 3,2170
5,6015 7,5596
6,8108 7,0527
5,8153 5,9823
0,7088 2,4169
10,0229 9,9265
5,1611 5,5540
2,0092 3,7848
4,8275 4,3300
4,3835 3,6919
5,7434 8,7647
7,4988 8,3862
3,4579 4,1616
3,2460 0,3750
5,6911 4,3337
3,2604 5,1396
4,8609 5,4801
5,5957 3,7597
7,5148 12,7683
4,9033 6,7435
5,9653 5,0783
3,8038 0,4980
2,3175 5,4301
5,9372 8,9882
9,3380 10,9425
7,8135 6,9109
2,0927 5,5832
2,5662 4,1512
2,5173 1,1928
3,5425 5,1163
4,3541 2,0910
5,2763 10,1783
7,7415 9,2752
5,8038 5,7566
3,5684 4,5135
4,3553 5,5883
4,8564 3,7142
3,9590 5,1722
3,5664 5,0413
6,0420 5,2928
5,9423 9,9637
7,7299 12,5856
4,7000 6,9398
5,9357 8,3064
4,9544 6,6255
7,6124 8,1914
2,8733 7,7126
6,6337 8,9848
5,7750 8,1310
4,6908 7,1903
3,0633 4,1301
3,4121 3,2028
1,5923 4,4577
5,4685 5,9572
6,0918 5,5928
3,6742 3,6778
5,3691 4,4478
5,3543 6,1254
6,4582 6,5416
7,1513 11,7829
5,5693 2,2489
9,1542 7,9508
2,7253 4,0393
3,0895 2,3189
0,8777 1,4118
3,1875 3,4774
7,5599 3,7319
2,8703 3,6290
6,1391 7,7997
5,9592 4,4418
5,6548 5,1049
3,5931 4,9897
6,8295 5,1072
5,5917 5,1538
8,6152 7,3832
3,1179 5,3169
4,2462 5,3468
3,6918 5,2049
7,5191 9,7913
6,1306 6,8157
5,0009 2,5756
5,6222 8,1600
5,2160 4,8048
5,3585 2,4770
4,6864 3,6867
2,7167 2,3128
5,0797 2,8809
4,0796 2,8731
6,1686 2,2534
3,9175 4,1689
6,9436 3,3937
4,5673 10,0507
3,5586 5,7608
5,1940 8,0058
4,5489 0,7797
3,4649 2,8782
6,1207 6,8030
0,1943 -4,4438
2,3621 1,5165
3,0969 1,7183
6,7020 6,8095
4,9314 6,5869
3,8172 2,2255
7,8996 5,3715
6,1409 11,9781
4,2881 5,3193
2,0300 1,5392
5,7062 8,3659
4,6108 4,2119
5,7810 7,7151
1,0399 -1,1339
3,6610 3,4498
4,5831 4,6595
2,4966 4,8692
4,6927 3,6233
7,3597 8,0284
1,5913 0,0447
4,2016 9,0248
3,3835 5,8723
3,6241 1,3591
4,4252 7,1729
2,3184 6,3476
3,6555 5,9975
3,0704 4,8566
6,1546 3,7711
4,6796 4,5050
4,8940 6,0514
2,7544 1,2297
5,0787 3,7385
3,2819 3,4706
4,2672 7,9123
7,6469 10,4320
1,4028 4,1278
3,9500 2,1071
-0,9151 -1,1218
3,5824 7,5526
4,7723 10,6843
3,7794 4,0016
7,1021 9,0834
5,4512 6,1228
5,3334 4,1351
6,3263 9,6222
7,6710 12,6241
8,3069 6,0730
1,7051 5,2592
2,1083 3,9946
5,0831 6,4894
6,1634 6,7637
3,9104 6,8990
8,6051 5,3356
6,2392 4,6937
5,6700 3,8905
6,5551 8,4638
3,3696 3,1812
3,5958 5,7595
6,3983 6,0190
1,7439 5,3193
4,7686 5,8731
6,9811 9,6899
5,3469 4,6625
3,3302 3,6351
1,8000 0,3608
4,8875 9,5960
1,8036 5,8912
8,7504 11,9741
8,6850 10,9231
7,2666 7,0632
7,7119 11,9119
4,3411 6,8431
6,1670 8,2207
5,8730 3,8516
6,6242 7,9781
7,5643 10,2324
4,7235 6,6115
3,1967 3,9638
5,5481 7,2703
3,9235 2,7076
8,6293 11,1493
5,9886 4,1150
7,7425 6,6621
7,1802 9,1430
8,3530 8,2114
3,8294 1,1854
 43,7397 98,1947
 44,8422 128,4255
 34,1463 68,9638
 41,3458 84,0982
 28,4593 90,8971
 49,1476 86,8533
 54,6492 90,8954
 39,8044 99,3928
 48,3783 57,8789
 62,2624 58,9697
 34,3767 71,6126
 49,7613 92,1725
 52,5085 70,3492
 46,4742 84,3340
 53,0959 124,8186
 37,6991 104,1979
 72,0993 108,3053
 25,2341 106,0420
 43,5595 100,4684
 32,0733 109,6941
 40,3389 77,1907
 62,0996 123,7549
 69,4497 103,0312
 59,1500 40,6241
 40,7808 86,5270
 42,1689 133,1480
 48,6847 76,6610
 32,4399 108,3216
 51,6273 5,0977
 57,0477 61,0470
 51,0966 118,6275
 41,8742 119,6157
 49,0290 142,7595
 65,3985 7,4073
 55,8779 119,7454
 30,6109 79,0950
 40,3531 67,1761
 49,4724 71,4669
 38,4483 58,9974
 58,4354 88,1825
 77,2357 63,2985
 52,3506 72,9155
 41,6418 79,9659
 57,5731 54,8660
 55,5222 16,0237
 46,2755 115,0231
 49,4880 85,1619
 52,8183 116,6705
 50,9070 61,5577
 43,2207 111,8492
 82,4452 33,4588
 24,6122 92,2688
 40,2605 113,4335
 65,7201 87,4991
 50,9319 94,3952
 56,9125 74,3591
 38,9303 106,6554
 48,6484 48,4296
 50,3774 59,1062
 38,5977 126,2194
 72,4060 59,0340
 71,9001 61,5462
 35,0971 75,8867
 48,9165 112,2923
 46,1280 61,1973
 36,7641 132,1904
 59,1132 105,9019
 56,4078 18,9032
 57,8951 26,0415
 63,6694 -2,1518
 61,5883 61,2889
 49,6524 99,5060
 50,5669 42,7869
 22,1655 74,5486
 51,3376 144,8512
 54,3658 85,5769
 59,5951 49,4150
 40,2572 101,8161
 40,9650 85,6029
 62,4430 68,1289
 36,2396 63,9044
 41,4406 95,1662
 62,4884 90,8883
 52,1576 87,5994
 42,1945 102,7563
 75,2756 58,2157
 77,5636 6,8832
 46,6301 88,9576
 23,1443 90,6511
 47,4575 134,0759
 41,5717 70,0839
 56,2043 70,7378
 56,1431 98,0586
 22,1187 139,9704
 52,4091 91,0122
 60,3590 99,8282
 58,6497 39,4152
 53,7334 74,4602
 54,6415 52,2874
 37,8938 73,4024
 23,3275 90,4372
 48,7823 91,8651
 29,0217 118,4296
 29,6709 206,5679
 61,4440 72,1957
 79,1195 23,0566
 37,4583 125,6827
 24,6799 127,0129
 52,0351 79,0601
 51,0868 75,5382
 61,8714 81,4857
 73,4968 67,0656
 54,9260 56,7195
 40,3488 76,1954
 34,1979 115,3417
 8,1439 144,8136
 34,7213 123,6250
 37,9174 169,6192
 33,3896 128,3434
 52,2917 66,9333
 49,4304 129,5430
 31,0939 171,9442
 39,0300 100,5760
 44,0317 123,6897
 51,9073 101,2059
 56,6278 27,4016
 58,2128 50,1396
 43,8341 124,1375
 41,8216 70,0569
 51,3796 38,4066
 64,4007 50,1952
 37,7147 137,5753
 35,1045 132,6706
 56,7158 52,8354
 34,6668 121,7437
 40,3980 92,1729
 56,7068 94,9081
 46,6350 42,6482
 65,4011 64,1836
 20,5024 121,2183
 23,9790 121,4195
 18,7645 118,6761
 32,0845 186,1709
 43,3278 55,3955
 65,9252 67,9319
 64,7979 96,2332
 55,9525 138,1892
 81,4160 94,6358
 64,3953 39,0424
 83,6718 57,1328
 36,3639 102,6058
 14,6013 121,5589
 54,5891 60,4302
 54,7787 120,0732
 22,2766 131,9477
 47,7561 134,5234
 57,1911 106,6009
 61,2989 48,0795
 63,1981 110,7207
 56,6327 34,6754
 38,9345 130,8914
 58,4525 57,6100
 31,3489 43,4325
 45,4585 123,8362
 37,8185 131,4083
 71,7460 45,1339
 41,1478 78,0624
 18,2897 178,7940
 45,1221 95,3931
 54,4160 109,8886
 41,5218 72,1842
 64,8830 66,9811
 46,3265 79,8810
 61,6184 85,7175
 54,0880 154,7981
 50,9823 82,9440
 30,2204 97,7755
 65,7779 72,1960
 37,1945 86,5641
 44,0481 69,4925
 53,6993 61,9677
 69,4281 121,6831
 50,5559 65,4511
 68,2200 37,7322
 59,6088 75,6955
 45,9764 112,0251
 54,7257 53,4582
 44,6035 112,1270
 45,7034 112,5476
 50,7867 55,9086
 43,7808 69,3906
 47,7932 134,8238
 68,3409 113,1752
 29,7885 153,7307
 48,0001 72,4884
 58,2485 127,1838
 52,6897 51,1155
 78,0074 65,4996
 82,0053 65,9679
 54,3224 120,9898
 42,0092 46,6215
 31,6683 95,7442
 52,9209 50,4283
 21,3914 133,5989
 30,0023 97,3173
 32,2941 46,6199
 65,7142 73,2888
 44,4285 37,7143
 64,0687 89,6563
 45,8677 128,0744
 68,9391 24,9906
 37,0756 117,3870
 77,6410 50,1290
 63,7672 11,3123
 62,0383 57,9074
 52,9620 116,5927
 45,7118 96,0919
 26,4310 137,6433
 37,0099 74,4381
 60,8362 76,6275
 39,2247 90,0773
 43,7872 154,9349
 15,8088 135,6914
 53,6367 58,9239
 67,4787 64,0126
 67,0977 0,0347
 30,8099 104,6617
 46,8288 75,6698
 68,3148 94,3100
 62,2029 56,2199
 25,6053 107,4880
 52,1309 112,5318
 32,1879 115,0152
 56,5222 52,3346
 22,5722 161,9850
 45,3915 99,1190
 63,0595 90,5746
 53,2883 138,0225
 57,6049 45,5317
 67,9188 7,9653
 61,8760 89,3960
 61,8997 60,0292
 32,9950 99,1952
 67,5426 38,7612
 58,0871 106,5430
 66,1231 58,7319
 70,0458 44,0823
 58,4288 74,7421
 44,6525 75,9749
 50,5481 74,3865
 36,1005 118,6479
 52,6653 29,1507
 26,5116 136,7597
 69,9169 21,1723
 62,3658 93,8287
 43,3644 125,3067
 26,0165 152,0095
 50,9421 113,4423
 52,5112 107,2774
 80,2282 25,6420
 25,4473 123,5835
 55,2422 63,7765
 50,4872 129,6117
 53,9210 81,7224
 60,3477 89,9602
 42,6007 109,1307
 38,2491 89,1238
 72,1668 68,1996
 50,2111 96,5159
 84,0550 48,1761
 38,6598 161,4756
 47,4396 54,0260
 75,7348 14,8598
 54,7094 135,2436
 50,6094 54,9551
 100,3903 35,3461
 64,0803 51,4780
 45,5378 52,6174
 22,0073 164,5047
 35,8921 104,5087
 58,0702 110,3203
 70,2175 44,0924
 40,4388 79,0081
 73,2274 85,2637
 72,3516 41,7240
 34,8091 76,5659
 69,9675 26,1494
 29,3909 76,6389
 51,0686 84,7049
 60,3887 166,0482
 53,5792 65,8732
 32,3913 108,2836
 37,2035 130,4069
 88,0162 0,3939
 55,6462 30,7660
 60,6088 125,4842
 45,4277 87,5949
 42,5966 63,1035
 73,0130 48,3720
 78,1189 32,5450
 45,6650 124,0077
 45,3095 76,3340
 61,9596 98,0941
 52,6045 45,7212
 52,7329 144,8495
 59,5369 103,2259
 72,5895 80,6579
 46,4838 97,5207
 53,5784 53,3731
 14,6302 74,8643
 52,2430 57,2491
 30,0211 111,6946
 58,5625 114,8716
 55,5727 87,0188
 45,5851 90,2043
 41,4323 73,9107
 36,4278 122,7473
 40,4083 36,4310
 63,6563 90,4185
 52,1729 73,1389
 56,0558 56,9179
 50,9332 64,3955
 36,4401 132,9553
 63,6328 91,1876
 58,5704 85,5684
 54,0265 79,9231
 82,1200 24,9988
 41,4750 95,4882
 46,7414 107,9828
 36,8603 70,5334
 40,2526 101,8921
 22,8551 96,8045
 69,3719 73,6677
 26,2499 112,9607
 79,3686 61,1469
 31,9214 75,5980
 32,0637 135,8923
 38,1144 100,4071
 50,2074 37,2790
 37,4940 81,5219
 50,9369 32,2964
 53,9466 84,8689
 34,4600 99,1901
 65,4790 55,2964
 73,3419 14,9591
 44,7845 94,6169
 59,2032 61,4644
 40,7014 85,2294
 45,7595 123,6652
 55,9055 105,7842
 39,5998 95,1778
 57,5224 70,2877
 25,1468 83,8692
 24,1186 131,4540
 53,0680 94,9467
 42,0476 89,6202
 39,8393 81,8614
 48,6055 79,6050
 42,3232 101,9598
 57,1474 80,3512
 51,0195 15,9082
 58,8570 75,2636
 49,5928 63,3994
 70,6145 32,5045
 60,3259 83,2120
 53,0600 105,8300
 54,9639 103,9523
 33,5557 106,1395
 43,0216 78,2417
 45,7158 90,2940
 53,9923 90,1084
 59,4227 63,5606
 45,5158 107,6821
 41,4091 85,8545
 58,2043 30,5147
 28,6866 105,6463
 35,8601 94,7503
 77,1951 46,9786
 59,5139 16,2071
 62,8107 90,7773
 45,2814 121,9365
 15,4331 86,9115
 34,5723 136,5993
 57,1084 56,7423
 52,3521 73,3829
 60,9771 69,0411
 41,6221 84,9774
 22,7108 132,6331
 57,2037 33,0484
 62,9604 -12,6483
 55,3034 37,7772
 58,4161 27,1845
 55,4063 105,2117
 72,1101 53,3480
 37,0000 84,2079
 55,6876 82,9683
 68,9431 60,1546
 60,2826 69,3629
 65,2337 70,3365
 75,5353 72,3125
 35,7043 88,1448
 65,0933 89,2557
 65,9812 82,9900
 54,0571 40,3336
 36,3369 90,0805
 46,7272 60,8460
 45,7509 144,9453
 56,1637 104,6425
 48,5092 138,9271
 53,6412 63,4012
 29,9775 155,4594
 25,9901 115,3451
 38,5924 61,6046
 40,4430 79,6467
 60,5996 42,2545
 78,8458 -2,6022
 42,4073 105,1607
 46,6644 78,2779
 25,7186 120,5601
 60,2885 37,2678
 35,2558 126,4693
 32,9123 130,7098
 40,6471 70,9323
 45,4249 133,9941
 71,7000 17,7707
 29,3224 102,3149
 36,3261 119,4179
 50,7909 104,5224
 51,1389 66,4387
 54,9018 92,3958
 76,8876 67,1417
 33,8497 146,9214
 69,0487 113,8287
 46,7953 99,5537
 33,3984 128,7460
 56,4906 81,0875
 36,6164 70,3315
 54,2123 39,8271
 53,6601 51,0817
 59,0257 69,8154
 30,6247 104,6925
 55,9495 105,8378
 59,1153 92,7521
 47,5279 77,3020
 40,2052 72,2523
 53,2486 69,9229
 51,3803 96,2217
 40,2429 82,3780
 55,3132 87,8147
 72,5972 122,8146
 67,2003 41,6236
 47,4043 106,7035
 28,2082 103,0548
 35,5282 101,1168
 58,6750 73,1602
 73,5689 53,2176
 62,7976 99,4760
 58,2144 87,8821
 50,5434 119,8109
 28,1846 111,7441
 31,4143 85,4080
 50,3261 137,8220
 52,9326 64,9423
 50,4278 128,9752
 83,4344 62,0687
 36,8117 95,1614
 52,3277 64,9007
 18,5715 119,0842
 70,2834 72,9413
 59,7033 68,6005
 83,8073 69,9028
 56,1833 46,1240
 55,0759 68,6850
 61,9570 65,3564
 64,6674 61,3536
 54,0095 102,1098
 25,8380 63,2350
 46,6401 89,4912
 37,3403 38,7691
 49,2970 99,1851
 35,5634 101,9792
 51,6648 82,3869
 5,3501 166,4790
 41,8121 105,8336
 26,0754 160,9421
 70,8213 98,4833
 61,3451 139,6645
 69,6836 45,0457
 73,8019 54,5227
 52,8114 75,8019
 50,1921 76,0439
 30,0334 116,7427
 43,4434 113,8238
 74,4800 11,4917
 51,1442 74,8924
 33,5730 85,9114
 35,7569 99,3710
 50,0318 101,3143
 50,5034 55,6799
 14,5075 111,0169