3.7692    2.0738
2.6412    0.3404
3.1806    0.6020
2.3183    0.7567
2.8704    1.1062
1.5997    0.6704
1.0967    0.1195
5.3759    0.0457
0.0889    0.3192
3.2939    5.0244
2.3217    0.7594
3.3471    1.6876
3.9210    0.5553
-1.0337    1.2302
2.1619    0.3216
1.3457    1.3727
3.0658    2.9360
2.8834    2.1863
1.8615    0.0115
2.5698    1.2707
3.2694    1.8905
4.5968    2.5967
2.4409    1.0327
2.8375    1.3994
3.2580    3.0926
0.7008    0.6245
1.8289    1.0101
3.5948    1.4254
4.3227    0.7062
2.7707    1.2409
3.4643    0.3505
1.9732    2.0495
3.1132    0.0934
2.5251    0.1177
2.2339    2.2209
2.4583    0.1508
4.6254    0.3976
3.2524    0.4493
4.8779    0.7395
3.0614    0.8784
3.1299    0.7695
2.6914    1.7441
1.9211    0.0531
4.7677    0.0771
2.4031    0.7391
3.2911    0.4443
4.1525    1.2464
3.2351    0.3132
1.9446    0.0386
1.4472    1.1627
2.6056    1.3012
1.1116    0.8408
3.5030    0.2140
3.3805    0.6153
3.9692    0.5902
5.4981    0.9975
4.5385    0.3690
2.5342    0.9583
2.2968    1.5984
3.5380    0.0131
1.8785    1.1592
3.3880    0.5910
2.4506    1.8116
4.2116    0.2282
1.7999    2.3130
1.8538    1.3939
6.6207    2.6047
2.0801    0.7837
0.6804    4.8852
2.2290    0.1286